98252349.0	1282.30	701.50
98252351.0	1282.30	701.50
98252353.0	1282.00	710.00
98252355.0	1284.60	709.90
98252357.0	1284.60	709.90
98252359.0	1284.70	704.40
98252361.0	1285.90	697.50
98252363.0	1285.70	697.50
98252365.0	1285.70	697.40
98252367.0	1288.50	698.50
98252369.0	1288.10	698.50
98252371.0	1288.10	698.40
98252373.0	1288.80	703.80
98252375.0	1288.70	705.80
98252377.0	1287.80	705.70
98252379.0	1287.80	705.70
98252381.0	1288.10	708.70
98252383.0	1288.50	708.80
98252385.0	1293.90	708.60
98252387.0	1293.90	708.60
98252389.0	1289.50	705.20
98252391.0	1289.60	702.20
98252393.0	1289.50	702.10
98252395.0	1290.10	709.50
98252397.0	1290.10	709.50
98252399.0	1287.50	709.50
98252401.0	1287.20	718.50
98252403.0	1287.30	714.00
98252405.0	1287.50	709.50
98252407.0	1287.00	702.20
98252409.0	1287.00	702.20
98252411.0	1288.70	705.00
98252413.0	1288.60	705.10
98252415.0	1288.70	698.90
98252417.0	1288.70	698.90
98252419.0	1293.40	699.90
98252421.0	1293.40	701.00
98252423.0	1286.10	702.30
98252425.0	1286.10	702.30
98252427.0	1286.10	701.70
98252429.0	1289.20	701.60
98252431.0	1289.30	701.60
98252433.0	1289.10	699.30
98252435.0	1289.10	699.30
98252437.0	1286.50	703.20
98252439.0	1286.40	707.70
98252441.0	1284.60	707.90
98252443.0	1283.00	708.00
98252445.0	1283.00	708.10
98252447.0	1287.30	708.10
98252449.0	1287.50	704.00
98252451.0	1282.10	703.30
98252453.0	1282.10	702.60
98252455.0	1288.20	695.20
98252457.0	1288.20	695.10
98252459.0	1289.70	699.30
98252461.0	1289.90	693.80
98252463.0	1289.10	694.30
98252465.0	1288.30	694.90
98252467.0	1287.30	695.40
98252469.0	1287.30	698.40
98252471.0	1286.70	695.50
98252473.0	1286.70	693.90
98252475.0	1288.10	693.70
98252477.0	1287.50	709.90
98252479.0	1287.40	709.70
98252481.0	1292.90	706.70
98252483.0	1293.00	703.80
98252485.0	1291.50	695.70
98252487.0	1290.50	695.50
98252489.0	1290.60	693.00
98252491.0	1290.70	690.60
98252493.0	1290.70	690.60
98252495.0	1289.90	693.00
98252497.0	1289.80	695.30
98252499.0	1290.00	707.40
98252501.0	1290.40	707.40
98252503.0	1290.70	697.80
98252505.0	1286.50	692.40
98252507.0	1284.70	692.40
98252509.0	1284.70	693.00
98252511.0	1284.30	692.90
98252513.0	1284.30	692.90
98252515.0	1283.50	698.30
98252517.0	1283.40	699.30
98252519.0	1283.40	698.70
98252521.0	1283.40	698.20
98252523.0	1282.90	694.40
98252525.0	1283.10	690.60
98252527.0	1284.10	690.60
98252529.0	1284.80	698.00
98252531.0	1284.80	698.00
98252533.0	1284.80	697.50
98252535.0	1285.40	697.50
98252537.0	1285.20	701.60
98252539.0	1285.10	704.50
98252541.0	1285.10	706.90
98252543.0	1290.90	706.80
98252545.0	1291.10	698.60
98252547.0	1291.10	698.60
98252549.0	1291.20	695.50
98252551.0	1292.00	695.40
98252553.0	1292.10	693.10
98252555.0	1291.10	693.10
98252557.0	1290.90	699.30
98252559.0	1291.20	698.50
98252561.0	1291.40	698.40
98252563.0	1289.80	696.80
98252565.0	1288.40	695.60
98252567.0	1288.40	695.70
98252569.0	1288.40	695.60
98252571.0	1290.60	695.60
98252573.0	1290.80	696.60
98252575.0	1290.80	696.60
98252577.0	1290.80	695.80
98252579.0	1290.70	695.70
98252581.0	1288.60	695.70
98252583.0	1288.60	695.60
98252585.0	1288.60	695.50
98252587.0	1291.60	695.80
98252589.0	1291.50	696.30
98252591.0	1284.90	694.30
98252593.0	1284.90	694.10
98252595.0	1285.40	699.00
98252597.0	1291.60	698.70
98252599.0	1291.60	698.70
98252601.0	1290.00	695.60
98252603.0	1285.60	695.60
98252605.0	1285.40	702.60
98252607.0	1285.90	704.30
98252609.0	1285.90	705.30
98252611.0	1285.30	704.30
98252613.0	1285.30	704.30
98252615.0	1285.30	704.20
98252617.0	1285.20	704.20
98252619.0	1283.70	704.20
98252621.0	1283.70	704.20
98252623.0	1284.90	700.80
98252625.0	1286.00	701.20
98252627.0	1287.20	701.20
98252629.0	1287.20	700.80
98252631.0	1286.90	702.80
98252633.0	1286.90	702.50
98252635.0	1287.00	702.20
98252637.0	1287.40	689.50
98252639.0	1287.20	689.50
98252641.0	1287.00	696.80
98252643.0	1285.10	696.80
98252645.0	1285.30	691.70
98252647.0	1285.40	691.70
98252649.0	1285.40	693.30
98252651.0	1285.30	694.80
98252653.0	1287.30	694.60
98252655.0	1292.00	694.40
98252657.0	1292.00	694.40
98252659.0	1295.20	698.80
98252661.0	1295.20	698.80
98252663.0	1287.00	699.00
98252665.0	1287.10	698.80
98252667.0	1292.00	698.60
98252669.0	1293.20	704.70
98252671.0	1293.20	704.60
98252673.0	1290.00	696.10
98252675.0	1288.50	696.20
98252677.0	1288.40	698.50
98252679.0	1293.30	697.30
98252681.0	1293.30	697.40
98252683.0	1292.60	700.80
98252685.0	1292.60	701.60
98252687.0	1291.20	702.40
98252689.0	1291.10	703.20
98252691.0	1290.60	703.20
98252693.0	1290.40	694.80
98252695.0	1286.60	696.00
98252697.0	1286.60	696.00
98252699.0	1286.60	696.70
98252701.0	1296.30	696.70
98252703.0	1296.30	696.80
98252705.0	1291.60	696.90
98252707.0	1291.80	689.40
98252709.0	1288.30	689.50
98252711.0	1288.10	695.20
98252713.0	1290.80	694.20
98252715.0	1291.50	694.30
98252717.0	1291.40	702.30
98252719.0	1291.50	702.40
98252721.0	1290.30	703.70
98252723.0	1289.30	703.80
98252725.0	1289.70	691.10
98252727.0	1290.30	691.10
98252729.0	1291.30	700.30
98252731.0	1291.30	700.40
98252733.0	1291.60	700.40
98252735.0	1291.80	692.30
98252737.0	1292.00	686.40
98252739.0	1294.80	686.40
98252741.0	1294.60	693.60
98252743.0	1294.70	690.40
98252745.0	1294.80	690.30
98252747.0	1294.60	696.20
98252749.0	1289.00	696.30
98252751.0	1288.70	703.20
98252753.0	1291.60	699.00
98252755.0	1291.00	694.90
98252757.0	1291.00	694.90
98252759.0	1291.90	698.30
98252761.0	1291.80	701.80
98252763.0	1287.40	701.40
98252765.0	1287.40	701.40
98252767.0	1296.10	703.70
98252769.0	1305.40	704.20
98252771.0	1320.40	704.50
98252773.0	1351.50	708.20
98252775.0	1390.90	723.30
98252777.0	1425.60	734.00
98252779.0	1474.00	739.70
98252781.0	1510.70	738.20
98252783.0	1557.90	736.60
98252785.0	1602.30	715.70
98252787.0	1639.30	708.00
98252789.0	1692.50	704.50
98252791.0	1744.20	702.90
98252793.0	1788.80	701.60
98252795.0	1850.40	701.00
98252797.0	1900.60	695.00
98252799.0	1954.90	686.40
98252801.0	2010.20	686.70
98252803.0	2060.50	688.30
98252805.0	2115.30	699.30
98252807.0	2163.60	701.40
98252809.0	2217.00	710.60
98252811.0	2282.70	714.70
98252813.0	2327.80	717.60
98252815.0	2374.90	724.70
98252817.0	2427.40	732.30
98252819.0	2486.20	747.40
98252821.0	2532.40	763.30
98252823.0	2581.20	768.20
98252825.0	2631.10	774.10
98252827.0	2688.30	781.10
98252829.0	2729.60	803.60
98252831.0	2794.30	814.60
98252833.0	2835.60	834.00
98252835.0	2906.70	844.60
98252837.0	2949.10	867.00
98252839.0	2994.90	874.60
98252841.0	3069.30	891.30
98252843.0	3126.30	905.50
98252845.0	3161.30	916.70
98252847.0	3198.90	943.30
98252849.0	3248.10	956.90
98252851.0	3270.00	972.60
98252853.0	3270.00	1004.10
98252855.0	3270.00	1017.60
98252857.0	3270.00	1038.50
98252859.0	3270.00	1045.30
98252861.0	3270.00	1067.00
98252863.0	3270.00	1084.40
98252865.0	3270.00	1103.80
98252867.0	3270.00	1124.80
98252869.0	3270.00	1142.60
98252871.0	3270.00	1153.00
98252873.0	3270.00	1167.50
98252875.0	3270.00	1194.30
98252877.0	3270.00	1217.40
98252879.0	3270.00	1242.20
98252881.0	3270.00	1263.50
98252883.0	3270.00	1294.40
98252885.0	3270.00	1316.70
98252887.0	3270.00	1333.70
98252889.0	3270.00	1351.80
98252891.0	3270.00	1379.10
98252893.0	3270.00	1410.50
98252895.0	3270.00	1448.10
98252897.0	3270.00	1478.40
98252899.0	3270.00	1519.70
98252901.0	-32768.00	-32768.00
98252903.0	-32768.00	-32768.00
98252905.0	-32768.00	-32768.00
98252907.0	-32768.00	-32768.00
98252909.0	-32768.00	-32768.00
98252911.0	-32768.00	-32768.00
98252913.0	-32768.00	-32768.00
98252915.0	-32768.00	-32768.00
98252917.0	-32768.00	-32768.00
98252919.0	-32768.00	-32768.00
98252921.0	-32768.00	-32768.00
98252923.0	-32768.00	-32768.00
98252925.0	-32768.00	-32768.00
98252927.0	-32768.00	-32768.00
98252929.0	-32768.00	-32768.00
98252931.0	-32768.00	-32768.00
98252933.0	-32768.00	-32768.00
98252935.0	-32768.00	-32768.00
98252937.0	-32768.00	-32768.00
98252939.0	-32768.00	-32768.00
98252941.0	-32768.00	-32768.00
98252943.0	-32768.00	-32768.00
98252945.0	-32768.00	-32768.00
98252947.0	-32768.00	-32768.00
98252949.0	-32768.00	-32768.00
98252951.0	-32768.00	-32768.00
98252953.0	-32768.00	-32768.00
98252955.0	-32768.00	-32768.00
98252957.0	-32768.00	-32768.00
98252959.0	-32768.00	-32768.00
98252961.0	-32768.00	-32768.00
98252963.0	-32768.00	-32768.00
98252965.0	-32768.00	-32768.00
98252967.0	-32768.00	-32768.00
98252969.0	-32768.00	-32768.00
98252971.0	-32768.00	-32768.00
98252973.0	-32768.00	-32768.00
98252975.0	-32768.00	-32768.00
98252977.0	-32768.00	-32768.00
98252979.0	-32768.00	-32768.00
98252981.0	-32768.00	-32768.00
98252983.0	-32768.00	-32768.00
98252985.0	-32768.00	-32768.00
98252987.0	-32768.00	-32768.00
98252989.0	-32768.00	-32768.00
98252991.0	-32768.00	-32768.00
98252993.0	-32768.00	-32768.00
98252995.0	-32768.00	-32768.00
98252997.0	-32768.00	-32768.00
98252999.0	-32768.00	-32768.00
98253001.0	-32768.00	-32768.00
98253003.0	-32768.00	-32768.00
98253005.0	-32768.00	-32768.00
98253007.0	-32768.00	-32768.00
98253009.0	-32768.00	-32768.00
98253011.0	-32768.00	-32768.00
98253013.0	-32768.00	-32768.00
98253015.0	-32768.00	-32768.00
98253017.0	-32768.00	-32768.00
98253019.0	-32768.00	-32768.00
98253021.0	-32768.00	-32768.00
98253023.0	-32768.00	-32768.00
98253025.0	-32768.00	-32768.00
98253027.0	-32768.00	-32768.00
98253029.0	-32768.00	-32768.00
98253031.0	-32768.00	-32768.00
98253033.0	-32768.00	-32768.00
98253035.0	-32768.00	-32768.00
98253037.0	-32768.00	-32768.00
98253039.0	-32768.00	-32768.00
98253041.0	-32768.00	-32768.00
98253043.0	-32768.00	-32768.00
98253045.0	-32768.00	-32768.00
98253047.0	-32768.00	-32768.00
98253049.0	-32768.00	-32768.00
98253051.0	-32768.00	-32768.00
98253053.0	-32768.00	-32768.00
98253055.0	-32768.00	-32768.00
98253057.0	-32768.00	-32768.00
98253059.0	-32768.00	-32768.00
98253061.0	-32768.00	-32768.00
98253063.0	-32768.00	-32768.00
98253065.0	-32768.00	-32768.00
98253067.0	-32768.00	-32768.00
98253069.0	-32768.00	-32768.00
98253071.0	-32768.00	-32768.00
98253073.0	-32768.00	-32768.00
98253075.0	-32768.00	-32768.00
98253077.0	-32768.00	-32768.00
98253079.0	-32768.00	-32768.00
98253081.0	-32768.00	-32768.00
98253083.0	-32768.00	-32768.00
98253085.0	-32768.00	-32768.00
98253087.0	-32768.00	-32768.00
98253089.0	-32768.00	-32768.00
98253091.0	-32768.00	-32768.00
98253093.0	-32768.00	-32768.00
98253095.0	-32768.00	-32768.00
98253097.0	-32768.00	-32768.00
98253099.0	-32768.00	-32768.00
98253101.0	-32768.00	-32768.00
98253103.0	-32768.00	-32768.00
98253105.0	-32768.00	-32768.00
98253107.0	-32768.00	-32768.00
98253109.0	-32768.00	-32768.00
98253111.0	-32768.00	-32768.00
98253113.0	-32768.00	-32768.00
98253115.0	-32768.00	-32768.00
98253117.0	-32768.00	-32768.00
98253119.0	-32768.00	-32768.00
98253121.0	-32768.00	-32768.00
98253123.0	-32768.00	-32768.00
98253125.0	-32768.00	-32768.00
98253127.0	-32768.00	-32768.00
98253129.0	-32768.00	-32768.00
98253131.0	-32768.00	-32768.00
98253133.0	-32768.00	-32768.00
98253135.0	-32768.00	-32768.00
98253137.0	-32768.00	-32768.00
98253139.0	-32768.00	-32768.00
98253141.0	-32768.00	-32768.00
98253143.0	-32768.00	-32768.00
98253145.0	-32768.00	-32768.00
98253147.0	-32768.00	-32768.00
98253149.0	-32768.00	-32768.00
98253151.0	-32768.00	-32768.00
98253153.0	-32768.00	-32768.00
98253155.0	-32768.00	-32768.00
98253157.0	-32768.00	-32768.00
98253159.0	-32768.00	-32768.00
98253161.0	-32768.00	-32768.00
98253163.0	-32768.00	-32768.00
98253165.0	-32768.00	-32768.00
98253167.0	-32768.00	-32768.00
98253169.0	-32768.00	-32768.00
98253171.0	-32768.00	-32768.00
98253173.0	-32768.00	-32768.00
98253175.0	-32768.00	-32768.00
98253177.0	-32768.00	-32768.00
98253179.0	-32768.00	-32768.00
98253181.0	-32768.00	-32768.00
98253183.0	-32768.00	-32768.00
98253185.0	-32768.00	-32768.00
98253187.0	-32768.00	-32768.00
98253189.0	-32768.00	-32768.00
98253191.0	-32768.00	-32768.00
98253193.0	-32768.00	-32768.00
98253195.0	-32768.00	-32768.00
98253197.0	-32768.00	-32768.00
98253199.0	-32768.00	-32768.00
98253201.0	-32768.00	-32768.00
98253203.0	-32768.00	-32768.00
98253205.0	-32768.00	-32768.00
98253207.0	3270.00	1757.90
98253209.0	3270.00	1757.20
98253211.0	3270.00	1743.00
98253213.0	3270.00	1751.80
98253215.0	3270.00	1758.80
98253217.0	3270.00	1762.40
98253219.0	3270.00	1773.80
98253221.0	3270.00	1779.80
98253223.0	3270.00	1780.00
98253225.0	3270.00	1784.10
98253227.0	3270.00	1779.70
98253229.0	3270.00	1776.40
98253231.0	3270.00	1774.00
98253233.0	3270.00	1772.00
98253235.0	3270.00	1767.00
98253237.0	3270.00	1765.40
98253239.0	3270.00	1764.60
98253241.0	3270.00	1760.20
98253243.0	3270.00	1761.40
98253245.0	3270.00	1765.00
98253247.0	3270.00	1765.60
98253249.0	3270.00	1770.10
98253251.0	3270.00	1769.60
98253253.0	3270.00	1769.50
98253255.0	3270.00	1771.80
98253257.0	3270.00	1771.80
98253259.0	3270.00	1770.70
98253261.0	3270.00	1768.50
98253263.0	3270.00	1768.50
98253265.0	3270.00	1767.00
98253267.0	3270.00	1768.10
98253269.0	3270.00	1768.20
98253271.0	3270.00	1767.00
98253273.0	3270.00	1767.30
98253275.0	3270.00	1767.50
98253277.0	3270.00	1767.50
98253279.0	3270.00	1767.00
98253281.0	3270.00	1764.10
98253283.0	3270.00	1764.10
98253285.0	3270.00	1768.70
98253287.0	3270.00	1772.80
98253289.0	3270.00	1772.80
98253291.0	3270.00	1767.40
98253293.0	3270.00	1768.10
98253295.0	3270.00	1768.60
98253297.0	3270.00	1766.80
98253299.0	3270.00	1765.70
98253301.0	3270.00	1765.70
98253303.0	3270.00	1771.50
98253305.0	3270.00	1771.50
98253307.0	3270.00	1771.20
98253309.0	3270.00	1771.10
98253311.0	3270.00	1774.30
98253313.0	3270.00	1775.00
98253315.0	3270.00	1776.20
98253317.0	3270.00	1776.20
98253319.0	3270.00	1775.20
98253321.0	3270.00	1774.40
98253323.0	3270.00	1774.80
98253325.0	3270.00	1774.70
98253327.0	3270.00	1775.40
98253329.0	3270.00	1776.20
98253331.0	3270.00	1776.20
98253333.0	3270.00	1774.70
98253335.0	3270.00	1774.50
98253337.0	3270.00	1774.50
98253339.0	3270.00	1776.50
98253341.0	3270.00	1777.20
98253343.0	3270.00	1777.00
98253345.0	3270.00	1774.60
98253347.0	3270.00	1775.00
98253349.0	3270.00	1773.50
98253351.0	3270.00	1772.40
98253353.0	3270.00	1773.70
98253355.0	3270.00	1773.80
98253357.0	3270.00	1773.70
98253359.0	3270.00	1771.30
98253361.0	3270.00	1771.40
98253363.0	3270.00	1772.00
98253365.0	3270.00	1772.50
98253367.0	3270.00	1772.50
98253369.0	3270.00	1772.00
98253371.0	3270.00	1771.50
98253373.0	3270.00	1767.10
98253375.0	3270.00	1767.10
98253377.0	3270.00	1767.10
98253379.0	3270.00	1768.30
98253381.0	3270.00	1771.60
98253383.0	3270.00	1771.70
98253385.0	3270.00	1772.10
98253387.0	3270.00	1772.10
98253389.0	3270.00	1772.00
98253391.0	3270.00	1768.90
98253393.0	3270.00	1766.40
98253395.0	3270.00	1766.00
98253397.0	3270.00	1768.00
98253399.0	3270.00	1766.60
98253401.0	3270.00	1766.50
98253403.0	3270.00	1766.70
98253405.0	3270.00	1767.80
98253407.0	3270.00	1768.30
98253409.0	3270.00	1767.00
98253411.0	3270.00	1768.20
98253413.0	3270.00	1771.10
98253415.0	3270.00	1771.90
98253417.0	3270.00	1770.30
98253419.0	3270.00	1770.40
98253421.0	3270.00	1766.50
98253423.0	3270.00	1765.80
98253425.0	3270.00	1766.30
98253427.0	3270.00	1765.90
98253429.0	3270.00	1765.60
98253431.0	3270.00	1768.40
98253433.0	3270.00	1769.10
98253435.0	3270.00	1768.50
98253437.0	3270.00	1769.70
98253439.0	3270.00	1769.60
98253441.0	3270.00	1770.00
98253443.0	3270.00	1770.00
98253445.0	3270.00	1768.90
98253447.0	3270.00	1768.40
98253449.0	3270.00	1768.40
98253451.0	3270.00	1766.60
98253453.0	3270.00	1766.30
98253455.0	3270.00	1765.60
98253457.0	3270.00	1765.50
98253459.0	3270.00	1763.10
98253461.0	3270.00	1762.90
98253463.0	3270.00	1764.30
98253465.0	3270.00	1769.40
98253467.0	3270.00	1769.40
98253469.0	3270.00	1768.00
98253471.0	3270.00	1767.90
98253473.0	3270.00	1768.60
98253475.0	3270.00	1769.20
98253477.0	3270.00	1768.20
98253479.0	3270.00	1765.10
98253481.0	3270.00	1762.40
98253483.0	3270.00	1764.00
98253485.0	3270.00	1767.00
98253487.0	3270.00	1768.70
98253489.0	3270.00	1768.70
98253491.0	3270.00	1766.10
98253493.0	3270.00	1766.20
98253495.0	3270.00	1767.50
98253497.0	3270.00	1768.20
98253499.0	3270.00	1768.30
98253501.0	3270.00	1768.60
98253503.0	3270.00	1768.60
98253505.0	3270.00	1768.40
98253507.0	3270.00	1767.30
98253509.0	3270.00	1766.50
98253511.0	3270.00	1766.00
98253513.0	3270.00	1767.40
98253515.0	3270.00	1767.20
98253517.0	3270.00	1763.30
98253519.0	3270.00	1757.90
98253521.0	3270.00	1750.40
98253523.0	3270.00	1741.20
98253525.0	3270.00	1733.60
98253527.0	3270.00	1729.50
98253529.0	3270.00	1725.10
98253531.0	3270.00	1718.50
98253533.0	3270.00	1714.20
98253535.0	3270.00	1714.20
98253537.0	3270.00	1716.10
98253539.0	3270.00	1715.30
98253541.0	3270.00	1719.50
98253543.0	3270.00	1719.50
98253545.0	3270.00	1719.90
98253547.0	3270.00	1720.20
98253549.0	3270.00	1720.00
98253551.0	3270.00	1719.80
98253553.0	3270.00	1720.40
98253555.0	3270.00	1723.80
98253557.0	3270.00	1723.80
98253559.0	3270.00	1723.70
98253561.0	3270.00	1723.00
98253563.0	3270.00	1721.40
98253565.0	3270.00	1720.50
98253567.0	3270.00	1721.10
98253569.0	3270.00	1722.20
98253571.0	3270.00	1719.40
98253573.0	3270.00	1719.00
98253575.0	3270.00	1718.10
98253577.0	3270.00	1718.10
98253579.0	3270.00	1719.60
98253581.0	3270.00	1718.50
98253583.0	3270.00	1718.10
98253585.0	3270.00	1718.90
98253587.0	3270.00	1723.20
98253589.0	3270.00	1723.10
98253591.0	3270.00	1722.10
98253593.0	3270.00	1721.60
98253595.0	3270.00	1722.20
98253597.0	3270.00	1722.00
98253599.0	3270.00	1722.10
98253601.0	3270.00	1719.90
98253603.0	3270.00	1716.30
98253605.0	3270.00	1716.10
98253607.0	3270.00	1716.10
98253609.0	3270.00	1718.20
98253611.0	3270.00	1718.00
98253613.0	3270.00	1719.50
98253615.0	3270.00	1719.60
98253617.0	3270.00	1718.30
98253619.0	3270.00	1717.00
98253621.0	3270.00	1716.90
98253623.0	3270.00	1716.50
98253625.0	3270.00	1715.90
98253627.0	3270.00	1716.40
98253629.0	3270.00	1720.80
98253631.0	3270.00	1720.70
98253633.0	3270.00	1719.20
98253635.0	3270.00	1720.50
98253637.0	3270.00	1721.50
98253639.0	3270.00	1717.50
98253641.0	3270.00	1717.50
98253643.0	3270.00	1717.70
98253645.0	3270.00	1716.90
98253647.0	3270.00	1717.20
98253649.0	3270.00	1716.40
98253651.0	3270.00	1716.40
98253653.0	3270.00	1720.00
98253655.0	3270.00	1720.40
98253657.0	3270.00	1720.20
98253659.0	3270.00	1717.00
98253661.0	3270.00	1717.20
98253663.0	3270.00	1719.30
98253665.0	3270.00	1717.60
98253667.0	3270.00	1717.30
98253669.0	3270.00	1717.20
98253671.0	3270.00	1719.50
98253673.0	3270.00	1721.00
98253675.0	3270.00	1721.90
98253677.0	3270.00	1717.40
98253679.0	3270.00	1717.40
98253681.0	3270.00	1720.60
98253683.0	3270.00	1720.60
98253685.0	3270.00	1716.10
98253687.0	3270.00	1715.90
98253689.0	3270.00	1717.60
98253691.0	3270.00	1717.60
98253693.0	3270.00	1720.40
98253695.0	3270.00	1721.00
98253697.0	3270.00	1718.00
98253699.0	3270.00	1718.30
98253701.0	3270.00	1722.30
98253703.0	3270.00	1722.30
98253705.0	3270.00	1721.90
98253707.0	3270.00	1720.60
98253709.0	3270.00	1720.60
98253711.0	3270.00	1717.40
98253713.0	3270.00	1716.90
98253715.0	3270.00	1719.10
98253717.0	3270.00	1719.10
98253719.0	3270.00	1718.40
98253721.0	3270.00	1718.40
98253723.0	3270.00	1718.40
98253725.0	3270.00	1718.40
98253727.0	3270.00	1716.90
98253729.0	3270.00	1716.90
98253731.0	3270.00	1716.50
98253733.0	3270.00	1714.10
98253735.0	3270.00	1717.00
98253737.0	3270.00	1717.60
98253739.0	3270.00	1716.70
98253741.0	3270.00	1716.80
98253743.0	3270.00	1717.10
98253745.0	3270.00	1717.10
98253747.0	3270.00	1715.50
98253749.0	3270.00	1715.50
98253751.0	3270.00	1714.40
98253753.0	3270.00	1714.40
98253755.0	3270.00	1714.70
98253757.0	3270.00	1713.70
98253759.0	3270.00	1713.60
98253761.0	3270.00	1716.00
98253763.0	3270.00	1716.00
98253765.0	3270.00	1719.70
98253767.0	3270.00	1720.00
98253769.0	3270.00	1724.40
98253771.0	3270.00	1723.60
98253773.0	3270.00	1723.90
98253775.0	3270.00	1724.20
98253777.0	3270.00	1722.30
98253779.0	3270.00	1723.00
98253781.0	3270.00	1724.30
98253783.0	3270.00	1724.30
98253785.0	3270.00	1720.90
98253787.0	3270.00	1721.00
98253789.0	3270.00	1720.20
98253791.0	3270.00	1719.80
98253793.0	3270.00	1719.80
98253795.0	3270.00	1715.00
98253797.0	3270.00	1699.80
98253799.0	3270.00	1680.20
98253801.0	3270.00	1658.20
98253803.0	3270.00	1624.60
98253805.0	3270.00	1598.60
98253807.0	3270.00	1550.20
98253809.0	3270.00	1501.50
98253811.0	3270.00	1446.00
98253813.0	3270.00	1407.50
98253815.0	3270.00	1404.80
98253817.0	3270.00	1434.90
98253819.0	3159.80	1544.60
98253821.0	3212.70	1673.80
98253823.0	3242.30	1692.00
98253825.0	3270.00	1749.40
98253827.0	3270.00	1782.80
98253829.0	3270.00	1776.90
98253831.0	3270.00	1616.70
98253833.0	3270.00	1616.50
98253835.0	-32768.00	-32768.00
98253837.0	-32768.00	-32768.00
98253839.0	-32768.00	-32768.00
98253841.0	-32768.00	-32768.00
98253843.0	-32768.00	-32768.00
98253845.0	-32768.00	-32768.00
98253847.0	-32768.00	-32768.00
98253849.0	-32768.00	-32768.00
98253851.0	-32768.00	-32768.00
98253853.0	-32768.00	-32768.00
98253855.0	-32768.00	-32768.00
98253857.0	-32768.00	-32768.00
98253859.0	-32768.00	-32768.00
98253861.0	-32768.00	-32768.00
98253863.0	-32768.00	-32768.00
98253865.0	-32768.00	-32768.00
98253867.0	-32768.00	-32768.00
98253869.0	-32768.00	-32768.00
98253871.0	-32768.00	-32768.00
98253873.0	-32768.00	-32768.00
98253875.0	-32768.00	-32768.00
98253877.0	-32768.00	-32768.00
98253879.0	-32768.00	-32768.00
98253881.0	-32768.00	-32768.00
98253883.0	-32768.00	-32768.00
98253885.0	-32768.00	-32768.00
98253887.0	-32768.00	-32768.00
98253889.0	-32768.00	-32768.00
98253891.0	-32768.00	-32768.00
98253893.0	-32768.00	-32768.00
98253895.0	-32768.00	-32768.00
98253897.0	-32768.00	-32768.00
98253899.0	-32768.00	-32768.00
98253901.0	-32768.00	-32768.00
98253903.0	-32768.00	-32768.00
98253905.0	-32768.00	-32768.00
98253907.0	-32768.00	-32768.00
98253909.0	-32768.00	-32768.00
98253911.0	-32768.00	-32768.00
98253913.0	-32768.00	-32768.00
98253915.0	-32768.00	-32768.00
98253917.0	-32768.00	-32768.00
98253919.0	-32768.00	-32768.00
98253921.0	-32768.00	-32768.00
98253923.0	-32768.00	-32768.00
98253925.0	-32768.00	-32768.00
98253927.0	-32768.00	-32768.00
98253929.0	-32768.00	-32768.00
98253931.0	-32768.00	-32768.00
98253933.0	-32768.00	-32768.00
98253935.0	-32768.00	-32768.00
98253937.0	-32768.00	-32768.00
98253939.0	-32768.00	-32768.00
98253941.0	-32768.00	-32768.00
98253943.0	-32768.00	-32768.00
98253945.0	-32768.00	-32768.00
98253947.0	-32768.00	-32768.00
98253949.0	-32768.00	-32768.00
98253951.0	-32768.00	-32768.00
98253953.0	-32768.00	-32768.00
98253955.0	-32768.00	-32768.00
98253957.0	-32768.00	-32768.00
98253959.0	-32768.00	-32768.00
98253961.0	-32768.00	-32768.00
98253963.0	-32768.00	-32768.00
98253965.0	-32768.00	-32768.00
98253967.0	-32768.00	-32768.00
98253969.0	-32768.00	-32768.00
98253971.0	963.10	2421.40
98253973.0	963.10	2421.40
98253975.0	906.40	2285.00
98253977.0	876.90	2194.10
98253979.0	850.00	2100.50
98253981.0	1109.50	1637.00
98253983.0	1413.60	1453.70
98253985.0	1407.50	1329.80
98253987.0	1406.80	1175.30
98253989.0	1409.20	1102.80
98253991.0	1408.70	976.00
98253993.0	1409.10	877.20
98253995.0	1407.60	787.20
98253997.0	1406.30	787.40
98253999.0	1401.00	635.70
98254001.0	1391.10	622.60
98254003.0	1391.40	609.50
98254005.0	1394.50	536.00
98254007.0	1395.30	491.50
98254009.0	1395.30	491.50
98254011.0	1395.30	456.20
98254013.0	1395.30	456.20
98254015.0	1394.00	487.10
98254017.0	1394.00	487.10
98254019.0	1398.60	457.40
98254021.0	1398.60	457.30
98254023.0	1404.80	501.40
98254025.0	1404.80	503.30
98254027.0	1404.70	505.10
98254029.0	1403.80	534.40
98254031.0	1403.50	534.30
98254033.0	1401.40	533.50
98254035.0	1401.40	533.50
98254037.0	1406.40	538.70
98254039.0	1406.80	538.70
98254041.0	1405.60	542.30
98254043.0	1405.50	546.00
98254045.0	1405.00	553.20
98254047.0	1404.70	553.30
98254049.0	1404.70	553.30
98254051.0	1406.60	558.30
98254053.0	1406.00	583.50
98254055.0	1407.30	587.10
98254057.0	1406.30	587.10
98254059.0	1405.20	593.20
98254061.0	1405.20	593.10
98254063.0	1404.90	605.70
98254065.0	1402.40	605.60
98254067.0	1402.40	604.40
98254069.0	1402.40	604.70
98254071.0	1402.40	605.00
98254073.0	1405.30	616.40
98254075.0	1405.30	616.30
98254077.0	1405.30	610.80
98254079.0	1405.30	613.30
98254081.0	1402.80	613.30
98254083.0	1403.90	603.70
98254085.0	1403.80	603.80
98254087.0	1403.70	605.30
98254089.0	1403.70	606.90
98254091.0	1406.20	608.20
98254093.0	1406.20	609.20
98254095.0	1405.30	610.20
98254097.0	1405.20	611.60
98254099.0	1404.60	611.70
98254101.0	1404.00	610.80
98254103.0	1404.50	610.80
98254105.0	1405.00	608.40
98254107.0	1403.90	606.80
98254109.0	1404.30	606.70
98254111.0	1404.30	606.80
98254113.0	1399.00	603.90
98254115.0	1399.00	603.40
98254117.0	1399.00	603.40
98254119.0	1401.20	605.30
98254121.0	1401.40	605.30
98254123.0	1403.40	603.70
98254125.0	1403.40	603.70
98254127.0	1403.70	609.10
98254129.0	1403.80	609.10
98254131.0	1403.80	608.60
98254133.0	1403.80	607.80
98254135.0	1404.60	607.80
98254137.0	1405.30	607.30
98254139.0	1405.30	606.80
98254141.0	1406.70	606.80
98254143.0	1406.70	607.60
98254145.0	1408.00	607.60
98254147.0	1408.20	595.70
98254149.0	1408.60	595.70
98254151.0	1409.10	593.20
98254153.0	1409.00	593.50
98254155.0	1408.20	593.70
98254157.0	1407.20	601.20
98254159.0	1408.10	601.10
98254161.0	1409.00	602.00
98254163.0	1409.00	602.70
98254165.0	1407.40	602.60
98254167.0	1406.90	601.60
98254169.0	1407.30	595.10
98254171.0	1407.30	595.00
98254173.0	1407.20	596.50
98254175.0	1407.20	596.40
98254177.0	1407.20	596.20
98254179.0	1400.80	596.50
98254181.0	1400.80	596.60
98254183.0	1397.00	598.10
98254185.0	1396.90	599.50
98254187.0	1399.00	598.20
98254189.0	1399.30	596.90
98254191.0	1399.50	599.20
98254193.0	1399.80	599.30
98254195.0	1400.00	599.30
98254197.0	1405.40	599.30
98254199.0	1406.40	603.70
98254201.0	1406.50	603.70
98254203.0	1407.30	603.90
98254205.0	1407.70	603.80
98254207.0	1407.70	603.50
98254209.0	1407.70	603.20
98254211.0	1408.20	604.70
98254213.0	1408.20	604.70
98254215.0	1410.30	593.50
98254217.0	1410.00	593.50
98254219.0	1409.60	599.30
98254221.0	1404.90	598.90
98254223.0	1404.90	598.40
98254225.0	1406.60	598.30
98254227.0	1406.20	597.20
98254229.0	1405.90	597.20
98254231.0	1404.10	599.20
98254233.0	1405.80	601.10
98254235.0	1405.80	601.00
98254237.0	1397.00	600.90
98254239.0	1396.90	604.60
98254241.0	1409.00	603.00
98254243.0	1409.00	601.50
98254245.0	1401.00	595.30
98254247.0	1401.90	595.10
98254249.0	1401.90	595.10
98254251.0	1401.70	603.60
98254253.0	1401.70	602.40
98254255.0	1406.20	602.90
98254257.0	1405.70	603.30
98254259.0	1405.70	603.40
98254261.0	1406.00	591.40
98254263.0	1404.60	591.40
98254265.0	1402.60	593.50
98254267.0	1402.60	593.50
98254269.0	1402.70	591.70
98254271.0	1402.70	589.80
98254273.0	1405.30	589.70
98254275.0	1405.00	590.30
98254277.0	1405.00	590.90
98254280.0	1405.00	591.00
98254281.0	1404.90	596.30
98254283.0	1405.00	596.30
98254285.0	1402.30	589.40
98254287.0	1402.30	589.20
98254289.0	1401.40	589.20
98254291.0	1401.30	594.80
98254293.0	1401.50	594.80
98254295.0	1401.70	593.80
98254297.0	1402.00	593.50
98254299.0	1402.20	593.30
98254301.0	1404.10	591.50
98254303.0	1405.90	589.90
98254305.0	1407.90	589.90
98254307.0	1407.90	589.50
98254309.0	1401.40	589.10
98254311.0	1402.70	585.60
98254313.0	1403.90	585.70
98254315.0	1407.20	593.60
98254317.0	1406.90	599.50
98254319.0	1406.70	599.50
98254321.0	1406.40	589.90
98254323.0	1405.90	586.80
98254325.0	1405.40	591.70
98254327.0	1404.90	591.70
98254329.0	1404.20	591.70
98254331.0	1404.40	591.60
98254333.0	1404.40	591.20
98254335.0	1404.20	591.10
98254337.0	1404.20	592.30
98254339.0	1405.80	592.00
98254341.0	1407.20	592.00
98254343.0	1405.50	602.90
98254345.0	1404.20	602.80
98254347.0	1402.90	596.90
98254349.0	1402.90	596.80
98254351.0	1403.60	594.70
98254353.0	1403.60	592.70
98254355.0	1408.70	594.20
98254357.0	1408.70	594.00
98254359.0	1402.30	596.30
98254361.0	1403.30	597.60
98254363.0	1404.40	597.60
98254365.0	1405.90	600.20
98254367.0	1405.90	600.20
98254369.0	1402.90	594.30
98254371.0	1402.90	594.30
98254373.0	1407.00	596.80
98254375.0	1404.80	596.80
98254377.0	1405.40	596.80
98254379.0	1405.40	596.70
98254381.0	1404.70	590.50
98254383.0	1404.00	590.50
98254385.0	1402.30	597.20
98254387.0	1402.30	597.10
98254389.0	1402.80	597.10
98254391.0	1403.20	600.10
98254393.0	1403.20	600.10
98254395.0	1403.30	593.30
98254397.0	1405.10	593.30
98254399.0	1410.20	600.00
98254401.0	1410.10	602.80
98254403.0	1407.20	604.00
98254405.0	1407.00	611.70
98254407.0	1406.20	611.60
98254409.0	1402.60	592.60
98254411.0	1402.70	592.60
98254413.0	1406.70	592.60
98254415.0	1406.60	601.30
98254417.0	1406.60	601.30
98254419.0	1406.00	595.20
98254421.0	1405.50	595.30
98254423.0	1405.50	595.30
98254425.0	1405.40	591.20
98254427.0	1405.30	591.20
98254429.0	1405.30	591.60
98254431.0	1403.80	592.00
98254433.0	1403.80	591.40
98254435.0	1403.80	591.40
98254437.0	1403.70	599.40
98254439.0	1404.40	596.60
98254441.0	1405.00	596.50
98254443.0	1405.50	595.90
98254445.0	1405.90	595.80
98254447.0	1406.10	601.90
98254449.0	1406.10	601.90
98254451.0	1407.50	601.40
98254453.0	1407.50	601.00
98254455.0	1408.20	600.10
98254457.0	1408.30	599.20
98254459.0	1406.00	599.10
98254461.0	1403.80	598.90
98254463.0	1401.70	598.70
98254465.0	1401.70	598.50
98254467.0	1400.00	598.00
98254469.0	1398.20	597.40
98254471.0	1397.90	596.10
98254473.0	1397.90	594.80
98254475.0	1400.40	591.20
98254477.0	1402.00	593.70
98254479.0	1402.00	593.70
98254481.0	1402.00	595.30
98254483.0	1402.00	596.90
98254485.0	1400.90	596.90
98254487.0	1400.90	598.30
98254489.0	1404.60	598.40
98254491.0	1404.80	592.00
98254493.0	1404.80	592.10
98254495.0	1405.20	592.80
98254497.0	1405.20	593.60
98254499.0	1404.20	593.20
98254501.0	1404.20	593.20
98254503.0	1403.20	601.20
98254505.0	1402.30	601.20
98254507.0	1402.30	601.30
98254509.0	1402.40	599.90
98254511.0	1402.00	599.90
98254513.0	1402.00	599.00
98254515.0	1402.00	598.90
98254517.0	1402.00	599.90
98254519.0	1401.20	599.90
98254521.0	1401.20	599.80
98254523.0	1405.30	597.70
98254525.0	1405.30	596.40
98254527.0	1403.00	596.30
98254529.0	1402.90	599.20
98254531.0	1404.00	602.10
98254533.0	1403.60	600.50
98254535.0	1403.50	598.90
98254537.0	1403.50	599.90
98254539.0	1403.30	600.90
98254541.0	1403.40	600.90
98254543.0	1403.70	594.40
98254545.0	1403.90	593.90
98254547.0	1406.20	593.90
98254549.0	1405.80	610.20
98254551.0	1405.70	610.10
98254553.0	1405.50	615.10
98254555.0	1405.90	615.10
98254557.0	1406.00	609.70
98254559.0	1400.60	609.70
98254561.0	1400.80	598.50
98254563.0	1401.30	597.90
98254565.0	1401.30	597.90
98254567.0	1401.00	597.30
98254569.0	1400.70	597.30
98254571.0	1400.70	601.20
98254573.0	1400.70	601.60
98254575.0	1400.00	603.40
98254577.0	1400.20	605.20
98254579.0	1400.20	605.20
98254581.0	1400.20	605.40
98254583.0	1400.40	605.40
98254585.0	1400.40	606.10
98254587.0	1400.40	606.00
98254589.0	1400.00	604.20
98254591.0	1400.00	604.20
98254593.0	1399.50	600.30
98254595.0	1399.60	600.40
98254597.0	1400.10	606.30
98254599.0	1400.70	607.70
98254601.0	1401.50	608.20
98254603.0	1401.90	608.70
98254605.0	1401.90	608.60
98254607.0	1400.20	607.20
98254609.0	1400.20	605.70
98254611.0	1402.10	605.70
98254613.0	1402.10	607.50
98254615.0	1399.70	609.30
98254617.0	1399.70	607.90
98254619.0	1399.80	607.90
98254621.0	1399.80	606.60
98254623.0	1399.80	606.50
98254625.0	1399.90	610.50
98254627.0	1400.10	610.50
98254629.0	1400.20	610.30
98254631.0	1399.10	605.10
98254633.0	1399.10	605.10
98254635.0	1400.10	605.80
98254637.0	1401.10	606.50
98254639.0	1400.70	613.10
98254641.0	1400.50	613.20
98254643.0	1400.50	611.80
98254645.0	1402.50	602.70
98254647.0	1402.50	602.70
98254649.0	1398.70	607.40
98254651.0	1398.70	606.60
98254653.0	1398.00	606.60
98254655.0	1397.80	616.00
98254657.0	1399.30	616.00
98254659.0	1400.70	615.80
98254661.0	1400.50	615.50
98254663.0	1400.50	615.80
98254665.0	1401.70	615.80
98254667.0	1401.60	616.00
98254669.0	1401.60	616.00
98254671.0	1400.30	617.10
98254673.0	1400.30	617.10
98254675.0	1406.00	614.30
98254677.0	1406.10	606.40
98254679.0	1405.20	606.30
98254681.0	1396.00	604.60
98254683.0	1395.90	604.60
98254685.0	1395.70	614.50
98254687.0	1401.40	614.40
98254689.0	1401.50	607.60
98254691.0	1401.50	607.50
98254693.0	1403.90	607.40
98254695.0	1403.90	607.40
98254697.0	1404.10	602.00
98254699.0	1404.00	602.50
98254701.0	1403.80	603.10
98254703.0	1403.70	607.30
98254705.0	1405.30	604.80
98254707.0	1406.80	604.80
98254709.0	1406.60	615.60
98254711.0	1403.00	615.70
98254713.0	1403.00	615.30
98254715.0	1405.30	615.30
98254717.0	1405.20	618.80
98254719.0	1406.80	618.80
98254721.0	1406.80	615.80
98254723.0	1404.00	612.60
98254725.0	1400.10	614.70
98254727.0	1400.10	614.20
98254729.0	1400.70	614.20
98254731.0	1403.70	619.30
98254733.0	1404.30	619.30
98254735.0	1404.30	619.10
98254737.0	1401.60	619.10
98254739.0	1401.60	620.30
98254741.0	1407.70	619.70
98254743.0	1407.70	619.10
98254745.0	1402.40	614.10
98254747.0	1402.40	614.10
98254749.0	1406.10	614.10
98254751.0	1406.10	613.90
98254753.0	1403.70	613.70
98254755.0	1403.70	610.90
98254757.0	1403.70	610.90
98254759.0	1398.40	613.30
98254761.0	1398.40	613.30
98254763.0	1398.80	608.80
98254765.0	1398.80	608.80
98254767.0	1398.60	620.20
98254769.0	1399.70	620.10
98254771.0	1400.90	617.30
98254773.0	1401.40	616.90
98254775.0	1401.80	616.80
98254777.0	1402.30	616.80
98254779.0	1402.20	618.10
98254781.0	1398.00	618.10
98254783.0	1398.00	619.40
98254785.0	1404.70	619.30
98254787.0	1404.10	621.00
98254789.0	1404.10	620.90
98254791.0	1405.70	611.80
98254793.0	1405.70	611.80
98254795.0	1406.50	611.80
98254797.0	1406.30	621.10
98254799.0	1406.30	619.20
98254801.0	1406.30	619.20
98254803.0	1406.60	619.70
98254805.0	1406.60	619.70
98254807.0	1399.80	620.00
98254809.0	1399.80	619.90
98254811.0	1401.30	616.10
98254813.0	1401.40	613.70
98254815.0	1401.40	613.70
98254817.0	1401.60	618.90
98254819.0	1401.60	619.00
98254821.0	1400.20	619.10
98254823.0	1398.70	625.80
98254825.0	1393.30	629.90
98254827.0	1376.10	630.60
98254829.0	1358.90	645.10
98254831.0	1335.00	672.00
98254833.0	1328.20	675.70
98254835.0	1290.00	679.80
98254837.0	1289.40	698.80
98254839.0	1270.60	704.20
98254841.0	1263.50	704.30
98254843.0	1250.00	707.10
98254845.0	1236.60	709.50
98254847.0	1231.10	716.70
98254849.0	1230.90	725.50
98254851.0	1222.20	725.70
98254853.0	1222.90	725.60
98254855.0	1222.60	734.90
98254857.0	1222.60	734.90
98254859.0	1220.40	734.90
98254861.0	1220.40	734.70
98254863.0	1220.10	734.70
98254865.0	1219.70	734.70
98254867.0	1218.80	729.10
98254869.0	1218.80	729.10
98254871.0	1217.90	729.10
98254873.0	1217.90	728.60
98254875.0	1219.00	728.60
98254877.0	1219.20	728.50
98254879.0	1219.40	728.50
98254881.0	1221.90	729.40
98254883.0	1222.40	730.40
98254885.0	1223.00	730.30
98254887.0	1223.80	732.40
98254889.0	1224.60	734.60
98254891.0	1224.50	734.40
98254893.0	1224.50	734.70
98254895.0	1224.40	734.70
98254897.0	1224.50	729.00
98254899.0	1224.60	727.10
98254901.0	1223.90	726.30
98254903.0	1223.90	726.20
98254905.0	1226.50	732.50
98254907.0	1226.60	730.10
98254909.0	1220.80	730.20
98254911.0	1220.60	734.90
98254913.0	1222.00	735.00
98254915.0	1223.30	735.00
98254917.0	1223.20	733.40
98254919.0	1223.30	733.70
98254921.0	1221.90	734.00
98254923.0	1220.80	734.10
98254925.0	1220.90	732.20
98254927.0	1220.80	730.30
98254929.0	1220.60	730.30
98254931.0	1219.50	730.30
98254933.0	1219.50	730.30
98254935.0	1219.70	730.30
98254937.0	1221.40	740.80
98254939.0	1221.40	740.80
98254941.0	1223.40	740.00
98254943.0	1223.40	739.30
98254945.0	1221.30	727.40
98254947.0	1221.30	727.30
98254949.0	1221.30	725.50
98254951.0	1225.50	725.40
98254953.0	1225.30	732.20
98254955.0	1226.10	732.20
98254957.0	1226.10	732.80
98254959.0	1226.10	733.50
98254961.0	1226.90	733.70
98254963.0	1227.40	742.60
98254965.0	1227.40	742.60
98254967.0	1227.50	740.50
98254969.0	1227.60	738.40
98254971.0	1225.30	729.10
98254973.0	1226.10	731.80
98254975.0	1226.00	734.60
98254977.0	1225.90	739.30
98254979.0	1225.40	739.30
98254981.0	1224.90	740.00
98254983.0	1224.60	740.00
98254985.0	1224.80	739.10
98254987.0	1224.90	738.20
98254989.0	1225.00	737.00
98254991.0	1225.00	735.80
98254993.0	1233.60	735.60
98254995.0	1233.50	739.10
98254997.0	1226.20	739.20
98254999.0	1226.70	741.30
98255001.0	1227.20	743.30
98255003.0	1227.20	743.20
98255005.0	1221.10	735.60
98255007.0	1221.00	737.70
98255009.0	1221.00	737.70
98255011.0	1221.50	733.80
98255013.0	1221.50	739.40
98255015.0	1222.90	739.40
98255017.0	1223.20	731.90
98255019.0	1223.70	731.90
98255021.0	1224.00	739.90
98255023.0	1224.00	739.90
98255025.0	1224.70	739.90
98255027.0	1225.00	734.20
98255029.0	1225.20	732.10
98255031.0	1225.30	730.00
98255033.0	1223.60	731.70
98255035.0	1223.50	733.30
98255037.0	1221.50	733.90
98255039.0	1221.50	734.50
98255041.0	1225.20	745.80
98255043.0	1225.30	745.80
98255045.0	1231.00	740.00
98255047.0	1234.90	743.90
98255049.0	1234.80	743.90
98255051.0	1227.60	740.30
98255053.0	1226.30	736.60
98255055.0	1224.70	733.00
98255057.0	1224.60	733.00
98255059.0	1223.00	734.20
98255061.0	1223.00	734.10
98255063.0	1223.10	732.40
98255065.0	1224.40	735.00
98255067.0	1225.70	737.30
98255069.0	1230.00	737.30
98255071.0	1230.10	733.20
98255073.0	1230.10	733.10
98255075.0	1230.10	744.80
98255077.0	1230.10	744.80
98255079.0	1225.80	740.40
98255081.0	1225.80	738.40
98255083.0	1225.40	736.50
98255085.0	1225.20	727.30
98255087.0	1225.30	725.00
98255089.0	1226.80	725.00
98255091.0	1226.40	737.30
98255093.0	1225.20	741.80
98255095.0	1225.10	744.20
98255097.0	1225.10	744.20
98255099.0	1225.10	733.80
98255101.0	1224.70	732.70
98255103.0	1226.00	732.60
98255105.0	1226.00	731.80
98255107.0	1226.90	731.70
98255109.0	1227.50	738.10
98255111.0	1227.50	738.40
98255113.0	1226.30	738.90
98255115.0	1226.00	748.80
98255117.0	1223.70	748.90
98255119.0	1224.00	740.70
98255121.0	1227.60	740.60
98255123.0	1226.90	740.60
98255125.0	1227.60	726.70
98255127.0	1227.70	726.80
98255129.0	1227.60	728.30
98255131.0	1227.60	729.80
98255133.0	1227.50	729.70
98255135.0	1227.50	729.70
98255137.0	1227.50	729.80
98255139.0	1230.50	729.80
98255141.0	1230.60	726.90
98255143.0	1226.60	724.00
98255145.0	1226.50	725.90
98255147.0	1226.70	727.80
98255149.0	1227.00	727.70
98255151.0	1227.00	727.80
98255153.0	1227.00	727.90
98255155.0	1226.50	733.90
98255157.0	1226.40	733.80
98255159.0	1226.40	735.30
98255161.0	1226.30	736.90
98255163.0	1228.20	738.00
98255165.0	1226.90	740.00
98255167.0	1225.80	738.10
98255169.0	1225.40	738.10
98255171.0	1223.40	738.10
98255173.0	1223.40	737.30
98255175.0	1230.60	737.10
98255177.0	1231.10	744.50
98255179.0	1231.10	744.50
98255181.0	1231.40	741.90
98255183.0	1231.40	741.90
98255185.0	1231.30	744.50
98255187.0	1231.30	744.50
98255189.0	1231.20	748.90
98255191.0	1231.20	748.90
98255193.0	1223.90	738.90
98255195.0	1223.40	738.90
98255197.0	1223.40	737.90
98255199.0	1227.50	737.80
98255201.0	1227.60	737.10
98255203.0	1226.80	737.00
98255205.0	1226.80	736.90
98255207.0	1230.10	740.60
98255209.0	1230.10	742.60
98255211.0	1226.90	742.70
98255213.0	1227.80	731.00
98255215.0	1227.70	731.70
98255217.0	1227.70	732.40
98255219.0	1226.70	731.90
98255221.0	1226.70	731.90
98255223.0	1226.90	738.80
98255225.0	1226.90	738.80
98255227.0	1227.10	731.10
98255229.0	1225.20	731.10
98255231.0	1225.20	731.10
98255233.0	1225.80	730.80
98255235.0	1226.40	730.50
98255237.0	1231.00	730.40
98255239.0	1230.80	737.10
98255241.0	1225.90	738.70
98255243.0	1226.00	737.90
98255245.0	1226.60	737.90
98255247.0	1226.40	742.60
98255249.0	1227.80	742.60
98255251.0	1227.80	742.70
98255253.0	1229.10	736.80
98255255.0	1229.10	736.80
98255257.0	1229.00	739.80
98255259.0	1231.30	742.20
98255261.0	1233.80	740.40
98255263.0	1233.80	738.70
98255265.0	1225.50	736.10
98255267.0	1225.60	736.20
98255269.0	1229.70	745.70
98255271.0	1226.80	745.70
98255273.0	1227.00	739.00
98255275.0	1227.00	738.90
98255277.0	1228.60	738.00
98255279.0	1230.10	737.10
98255281.0	1230.10	738.40
98255283.0	1229.40	739.50
98255285.0	1228.90	739.50
98255287.0	1228.80	742.10
98255289.0	1227.60	741.60
98255291.0	1227.60	741.20
98255293.0	1227.90	740.90
98255295.0	1228.30	737.00
98255297.0	1230.50	736.90
98255299.0	1230.60	730.70
98255301.0	1231.60	730.60
98255303.0	1231.90	748.20
98255305.0	1232.30	748.20
98255307.0	1232.90	744.90
98255309.0	1234.10	745.00
98255311.0	1234.10	745.10
98255313.0	1231.00	745.20
98255315.0	1228.30	736.50
98255317.0	1228.20	736.50
98255319.0	1234.40	740.30
98255321.0	1237.60	741.60
98255323.0	1237.60	741.60
98255325.0	1232.90	733.70
98255327.0	1232.90	733.70
98255329.0	1233.30	733.70
98255331.0	1233.70	733.80
98255333.0	1234.60	733.80
98255335.0	1234.60	733.30
98255337.0	1230.60	733.30
98255339.0	1228.30	733.40
98255341.0	1230.50	733.40
98255343.0	1232.70	735.30
98255345.0	1236.30	748.30
98255347.0	1236.30	748.30
98255349.0	1233.90	739.70
98255351.0	1234.00	737.80
98255353.0	1236.30	737.70
98255355.0	1236.30	735.00
98255357.0	1235.10	735.00
98255359.0	1233.80	735.10
98255361.0	1233.80	734.10
98255363.0	1238.00	734.10
98255365.0	1238.00	733.10
98255367.0	1241.40	733.00
98255369.0	1241.30	734.60
98255371.0	1236.10	733.00
98255373.0	1236.10	733.00
98255375.0	1235.00	742.60
98255377.0	1235.10	742.60
98255379.0	1235.30	734.20
98255381.0	1234.90	735.80
98255383.0	1234.40	736.70
98255385.0	1234.40	736.70
98255387.0	1234.60	736.90
98255389.0	1234.80	736.90
98255391.0	1239.60	737.40
98255393.0	1239.50	737.40
98255395.0	1243.10	737.30
98255397.0	1243.00	737.20
98255399.0	1233.20	723.90
98255401.0	1234.10	723.90
98255403.0	1234.90	731.60
98255405.0	1234.50	731.70
98255407.0	1234.50	731.70
98255409.0	1238.50	738.00
98255411.0	1238.40	738.00
98255413.0	1237.40	735.00
98255415.0	1237.20	731.90
98255417.0	1237.00	730.80
98255419.0	1236.80	732.70
98255421.0	1235.80	733.00
98255423.0	1234.80	733.30
98255425.0	1233.70	729.40
98255427.0	1233.70	730.70
98255429.0	1237.70	731.90
98255431.0	1237.50	739.60
98255433.0	1236.40	736.80
98255435.0	1233.50	738.20
98255437.0	1233.40	738.20
98255439.0	1237.50	734.40
98255441.0	1237.60	731.30
98255443.0	1240.00	731.20
98255445.0	1240.00	730.80
98255447.0	1239.90	730.30
98255449.0	1239.30	730.40
98255451.0	1238.60	730.60
98255453.0	1236.00	730.30
98255455.0	1236.00	730.00
98255457.0	1238.40	730.00
98255459.0	1239.20	727.40
98255461.0	1239.00	724.90
98255463.0	1239.00	725.00
98255465.0	1240.20	733.70
98255469.0	1236.20	734.20
98255473.0	1236.00	739.80
98255481.0	1239.80	738.40
98255483.0	1240.10	731.00
98255485.0	1238.60	731.20
98255487.0	1238.40	737.10
98255489.0	1240.80	737.10
98255491.0	1241.00	730.20
98255493.0	1240.40	729.60
98255495.0	1238.30	729.80
98255497.0	1238.20	729.90
98255499.0	1236.90	730.40
98255501.0	1236.90	729.70
98255503.0	1238.90	728.90
98255505.0	1240.90	729.00
98255507.0	1241.00	726.20
98255509.0	1243.50	726.20
98255511.0	1243.50	726.30
98255513.0	1239.00	719.40
98255515.0	1239.00	719.50
98255517.0	1238.80	727.00
98255519.0	1240.90	728.00
98255521.0	1240.90	728.10
98255523.0	1238.40	728.20
98255525.0	1239.40	727.00
98255527.0	1239.40	727.10
98255529.0	1238.80	735.10
98255531.0	1238.40	735.20
98255533.0	1238.30	735.10
98255535.0	1238.30	735.10
98255537.0	1241.30	733.90
98255539.0	1243.70	732.80
98255541.0	1243.70	732.80
98255543.0	1241.20	729.80
98255545.0	1237.60	729.90
98255547.0	1236.50	738.10
98255549.0	1236.50	739.00
98255551.0	1240.30	739.00
98255553.0	1240.40	736.70
98255555.0	1240.60	732.00
98255557.0	1242.90	732.00
98255559.0	1243.00	732.10
98255561.0	1242.90	735.10
98255563.0	1238.90	735.20
98255565.0	1239.00	733.40
98255567.0	1238.90	731.60
98255569.0	1238.90	731.70
98255571.0	1239.20	732.30
98255573.0	1239.50	733.00
98255575.0	1242.00	732.70
98255577.0	1242.00	732.80
98255579.0	1237.20	732.90
98255581.0	1237.20	733.40
98255583.0	1237.30	733.80
98255585.0	1237.30	733.70
98255587.0	1237.30	733.70
98255589.0	1235.80	733.90
98255591.0	1234.50	732.50
98255593.0	1234.50	731.00
98255595.0	1248.30	722.10
98255597.0	1262.60	721.90
98255599.0	1277.30	718.50
98255601.0	1298.10	719.60
98255603.0	1316.70	718.80
98255605.0	1330.00	718.00
98255607.0	1331.10	716.40
98255609.0	1339.20	714.60
98255611.0	1342.80	711.30
98255613.0	1348.00	704.10
98255615.0	1348.00	704.20
98255617.0	1348.00	704.90
98255619.0	1353.60	704.90
98255621.0	1353.50	705.10
98255623.0	1355.40	705.10
98255625.0	1357.10	705.20
98255627.0	1357.10	704.00
98255629.0	1357.90	702.80
98255631.0	1358.20	690.60
98255633.0	1352.40	690.60
98255635.0	1352.10	686.40
98255637.0	1349.70	686.50
98255639.0	1343.20	681.50
98255641.0	1343.20	680.80
98255643.0	1344.90	680.90
98255645.0	1346.50	681.70
98255647.0	1347.50	682.60
98255649.0	1347.20	695.20
98255651.0	1347.10	695.20
98255653.0	1347.20	694.40
98255655.0	1347.30	693.70
98255657.0	1348.20	688.80
98255659.0	1348.90	688.80
98255661.0	1349.00	691.30
98255663.0	1349.20	689.10
98255665.0	1350.00	689.10
98255667.0	1349.40	690.90
98255669.0	1348.70	692.60
98255671.0	1349.80	697.00
98255673.0	1349.80	697.10
98255675.0	1349.80	685.40
98255677.0	1349.80	685.50
98255679.0	1349.70	689.40
98255681.0	1349.60	689.80
98255683.0	1349.60	690.10
98255685.0	1350.10	688.40
98255687.0	1350.30	688.40
98255689.0	1348.90	695.40
98255691.0	1347.70	695.40
98255693.0	1342.70	695.00
98255695.0	1342.60	695.00
98255697.0	1348.00	697.00
98255699.0	1348.60	697.00
98255701.0	1349.50	697.00
98255703.0	1349.50	696.70
98255705.0	1348.40	696.70
98255707.0	1348.90	696.70
98255709.0	1348.80	696.70
98255711.0	1348.80	696.80
98255713.0	1350.00	698.50
98255715.0	1351.20	698.50
98255717.0	1352.20	696.20
98255719.0	1350.80	689.60
98255721.0	1349.10	689.60
98255723.0	1349.10	689.60
98255725.0	1352.20	693.20
98255727.0	1352.20	692.70
98255729.0	1348.90	692.80
98255731.0	1348.80	697.80
98255733.0	1352.80	697.80
98255735.0	1352.80	698.50
98255737.0	1350.70	698.60
98255739.0	1348.90	689.70
98255741.0	1348.30	689.70
98255743.0	1347.60	691.90
98255745.0	1347.60	693.20
98255747.0	1346.10	693.30
98255749.0	1346.20	690.70
98255751.0	1347.20	690.70
98255753.0	1348.10	694.30
98255755.0	1351.10	694.20
98255757.0	1351.10	694.20
98255759.0	1348.30	692.50
98255761.0	1348.40	691.70
98255763.0	1348.40	691.10
98255765.0	1347.50	691.20
98255767.0	1346.40	699.00
98255769.0	1346.30	699.10
98255771.0	1345.40	698.30
98255773.0	1345.30	699.00
98255775.0	1345.30	699.00
98255777.0	1347.00	696.30
98255779.0	1348.90	697.80
98255781.0	1348.90	697.80
98255783.0	1351.70	696.90
98255785.0	1351.70	696.00
98255787.0	1351.70	696.00
98255789.0	1351.00	696.00
98255791.0	1351.00	696.00
98255793.0	1351.20	688.10
98255795.0	1354.10	688.10
98255797.0	1352.70	687.20
98255799.0	1352.70	687.20
98255801.0	1352.60	689.90
98255803.0	1349.20	690.00
98255805.0	1349.10	692.70
98255807.0	1349.00	695.40
98255809.0	1353.20	697.00
98255811.0	1353.20	697.00
98255813.0	1352.10	697.10
98255815.0	1351.90	703.00
98255817.0	1353.50	703.10
98255819.0	1353.80	694.00
98255821.0	1348.30	694.10
98255823.0	1348.10	699.80
98255825.0	1348.10	699.80
98255827.0	1348.00	700.40
98255829.0	1347.80	701.10
98255831.0	1347.80	703.80
98255833.0	1350.80	703.80
98255835.0	1350.80	703.30
98255837.0	1348.70	698.30
98255839.0	1346.60	697.20
98255841.0	1346.80	687.60
98255843.0	1347.00	683.80
98255845.0	1347.00	683.80
98255847.0	1347.00	689.90
98255849.0	1347.00	689.90
98255851.0	1347.50	689.90
98255853.0	1348.00	689.90
98255855.0	1345.30	696.70
98255857.0	1345.30	696.80
98255859.0	1350.90	689.60
98255861.0	1350.90	689.70
98255863.0	1350.80	691.60
98255865.0	1350.60	693.60
98255867.0	1350.50	696.00
98255869.0	1350.10	696.00
98255871.0	1350.10	695.50
98255873.0	1348.20	695.50
98255875.0	1348.20	694.40
98255877.0	1347.60	693.20
98255879.0	1347.50	696.50
98255881.0	1352.70	696.30
98255883.0	1352.90	696.20
98255885.0	1352.90	694.10
98255887.0	1348.30	689.90
98255889.0	1348.10	681.00
98255891.0	1350.10	681.00
98255893.0	1351.90	682.70
98255895.0	1351.80	684.40
98255897.0	1351.40	693.20
98255899.0	1351.40	693.20
98255901.0	1351.40	693.90
98255903.0	1351.40	693.70
98255905.0	1351.40	693.70
98255907.0	1348.00	694.40
98255909.0	1348.00	694.40
98255911.0	1350.60	689.00
98255913.0	1349.20	689.00
98255915.0	1347.90	686.70
98255917.0	1345.40	684.60
98255919.0	1345.40	684.60
98255921.0	1345.50	685.40
98255923.0	1345.50	685.40
98255925.0	1345.60	685.40
98255927.0	1348.40	693.40
98255929.0	1349.00	693.30
98255931.0	1349.50	692.20
98255933.0	1352.30	691.00
98255935.0	1352.30	692.50
98255937.0	1352.20	692.50
98255939.0	1352.20	693.80
98255941.0	1352.10	695.00
98255943.0	1352.10	695.10
98255945.0	1352.20	695.00
98255947.0	1352.20	695.10
98255949.0	1351.20	692.70
98255951.0	1351.10	690.30
98255953.0	1350.80	686.30
98255955.0	1350.80	686.30
98255957.0	1349.80	692.00
98255959.0	1348.90	692.00
98255961.0	1347.70	692.00
98255963.0	1345.60	681.10
98255965.0	1345.60	681.10
98255967.0	1349.10	690.50
98255969.0	1349.10	690.50
98255971.0	1351.50	690.40
98255973.0	1352.80	694.30
98255975.0	1352.90	694.60
98255977.0	1346.90	694.10
98255979.0	1347.60	693.50
98255981.0	1347.90	684.70
98255983.0	1348.20	689.60
98255985.0	1348.30	688.20
98255987.0	1348.50	686.70
98255989.0	1348.80	684.50
98255991.0	1348.90	682.30
98255993.0	1343.30	682.10
98255995.0	1343.30	682.10
98255997.0	1346.20	682.10
98255999.0	1347.20	686.90
98256001.0	1348.20	693.00
98256003.0	1347.50	693.00
98256005.0	1347.10	684.20
98256007.0	1345.50	684.20
98256009.0	1345.80	676.70
98256011.0	1348.10	676.70
98256013.0	1350.20	678.60
98256015.0	1350.20	677.90
98256017.0	1345.00	678.00
98256019.0	1344.90	680.40
98256021.0	1344.40	680.40
98256023.0	1344.40	681.00
98256025.0	1345.70	681.70
98256027.0	1344.90	679.40
98256029.0	1344.90	679.40
98256031.0	1348.80	679.40
98256033.0	1348.60	687.30
98256035.0	1346.20	687.30
98256037.0	1346.30	685.00
98256039.0	1346.70	685.00
98256041.0	1346.70	684.70
98256043.0	1342.30	684.70
98256045.0	1342.30	684.70
98256047.0	1347.50	686.20
98256049.0	1347.10	686.20
98256051.0	1346.80	680.80
98256053.0	1347.90	680.80
98256055.0	1347.90	684.80
98256057.0	1347.60	684.20
98256059.0	1347.60	684.20
98256061.0	1350.40	686.20
98256063.0	1350.40	687.00
98256065.0	1350.50	687.00
98256067.0	1349.20	691.40
98256069.0	1349.10	695.80
98256071.0	1353.30	695.80
98256073.0	1353.60	687.20
98256075.0	1347.40	680.60
98256077.0	1347.50	681.60
98256079.0	1347.50	682.50
98256081.0	1347.60	682.50
98256083.0	1347.50	684.90
98256085.0	1346.20	684.90
98256087.0	1346.70	674.90
98256089.0	1346.90	674.90
98256091.0	1346.90	675.90
98256093.0	1346.80	680.30
98256095.0	1349.90	680.30
98256097.0	1350.00	680.30
98256099.0	1350.30	675.60
98256101.0	1350.40	672.90
98256103.0	1350.40	672.90
98256105.0	1350.00	688.90
98256107.0	1346.40	689.80
98256109.0	1345.60	689.80
98256111.0	1345.60	689.30
98256113.0	1351.80	688.60
98256115.0	1352.50	688.60
98256117.0	1352.70	685.40
98256119.0	1349.40	682.20
98256121.0	1349.40	682.20
98256123.0	1349.40	682.90
98256125.0	1342.00	683.70
98256127.0	1342.00	683.70
98256129.0	1350.00	685.50
98256131.0	1350.00	687.30
98256133.0	1350.00	687.30
98256135.0	1347.20	676.70
98256137.0	1342.20	678.90
98256139.0	1342.20	681.00
98256141.0	1346.50	681.00
98256143.0	1346.90	681.10
98256145.0	1347.30	681.10
98256147.0	1348.60	685.30
98256149.0	1348.70	685.60
98256151.0	1347.80	685.60
98256153.0	1347.80	686.70
98256155.0	1348.80	686.70
98256157.0	1349.00	683.50
98256159.0	1348.60	683.50
98256161.0	1348.20	684.60
98256163.0	1345.60	684.60
98256165.0	1346.90	677.00
98256167.0	1346.70	676.90
98256169.0	1346.40	677.60
98256171.0	1346.40	677.50
98256173.0	1347.50	671.60
98256175.0	1347.10	671.50
98256177.0	1346.60	677.20
98256179.0	1339.70	677.30
98256181.0	1339.70	677.30
98256183.0	1341.40	678.80
98256185.0	1344.30	680.20
98256187.0	1344.30	680.20
98256189.0	1345.00	683.50
98256191.0	1345.10	683.10
98256193.0	1347.00	682.70
98256195.0	1346.70	681.70
98256197.0	1346.40	680.70
98256199.0	1346.70	675.70
98256201.0	1346.70	675.70
98256203.0	1346.50	677.30
98256205.0	1343.50	679.50
98256207.0	1343.30	687.70
98256209.0	1343.20	687.70
98256211.0	1343.30	684.20
98256213.0	1342.50	684.30
98256215.0	1342.50	684.90
98256217.0	1342.40	684.70
98256219.0	1342.30	684.70
98256221.0	1342.30	684.70
98256223.0	1347.00	684.60
98256225.0	1347.00	687.20
98256227.0	1345.50	686.60
98256229.0	1344.10	686.50
98256231.0	1344.10	686.50
98256233.0	1347.90	683.70
98256235.0	1348.00	683.60
98256237.0	1347.80	689.90
98256239.0	1347.90	688.80
98256241.0	1347.90	688.70
98256243.0	1343.60	688.80
98256245.0	1341.80	691.30
98256247.0	1341.90	691.20
98256249.0	1342.00	686.10
98256251.0	1344.20	686.10
98256253.0	1343.50	685.60
98256255.0	1343.50	685.10
98256257.0	1343.60	684.50
98256259.0	1340.00	684.00
98256261.0	1340.00	683.90
98256263.0	1343.70	680.90
98256265.0	1343.70	682.00
98256267.0	1339.40	682.20
98256269.0	1339.40	682.20
98256271.0	1340.10	682.10
98256273.0	1340.10	682.10
98256275.0	1340.00	682.00
98256277.0	1336.70	685.30
98256279.0	1336.70	685.20
98256281.0	1338.90	687.30
98256283.0	1340.80	687.10
98256285.0	1340.80	687.20
98256287.0	1340.90	687.30
98256289.0	1340.00	689.30
98256291.0	1339.90	691.30
98256293.0	1340.90	691.20
98256295.0	1341.70	685.50
98256297.0	1342.60	685.40
98256299.0	1343.60	684.80
98256301.0	1343.60	685.20
98256303.0	1337.30	685.30
98256305.0	1337.40	681.30
98256307.0	1347.30	681.10
98256309.0	1347.40	678.10
98256311.0	1340.20	678.70
98256313.0	1337.50	678.60
98256315.0	1337.50	678.30
98256317.0	1341.00	678.30
98256319.0	1341.00	679.20
98256321.0	1340.90	680.10
98256323.0	1340.80	686.10
98256325.0	1341.20	693.80
98256327.0	1341.80	693.80
98256329.0	1342.10	688.80
98256331.0	1342.40	684.50
98256333.0	1344.20	687.40
98256335.0	1344.00	690.30
98256337.0	1343.90	693.70
98256339.0	1344.00	693.60
98256341.0	1340.90	682.80
98256343.0	1341.30	670.00
98256345.0	1343.60	669.90
98256347.0	1345.10	677.70
98256349.0	1345.10	677.70
98256351.0	1345.50	677.60
98256353.0	1345.40	681.20
98256355.0	1344.90	681.80
98256357.0	1344.30	682.30
98256359.0	1344.30	681.50
98256361.0	1345.70	681.30
98256363.0	1345.60	685.70
98256365.0	1343.90	685.60
98256367.0	1339.90	683.70
98256369.0	1339.90	683.60
98256371.0	1344.20	683.30
98256373.0	1344.30	677.60
98256375.0	1343.50	677.50
98256377.0	1342.60	684.40
98256379.0	1342.50	687.10
98256381.0	1344.10	687.00
98256383.0	1345.20	687.00
98256385.0	1345.30	685.30
98256387.0	1345.20	679.80
98256389.0	1345.00	679.80
98256391.0	1344.50	682.50
98256393.0	1344.00	682.40
98256395.0	1344.50	682.50
98256397.0	1344.90	682.50
98256399.0	1346.40	682.50
98256401.0	1347.20	680.20
98256403.0	1347.20	680.10
98256405.0	1346.20	680.70
98256407.0	1345.10	681.10
98256409.0	1345.00	684.40
98256411.0	1345.00	684.40
98256413.0	1345.00	689.20
98256415.0	1345.10	689.10
98256417.0	1345.30	682.50
98256419.0	1345.50	674.80
98256421.0	1345.60	674.80
98256423.0	1346.40	671.00
98256425.0	1347.90	671.00
98256427.0	1347.70	679.20
98256429.0	1346.20	683.50
98256431.0	1346.20	685.00
98256433.0	1351.80	686.40
98256435.0	1352.40	685.10
98256437.0	1352.40	683.70
98256439.0	1354.70	675.70
98256441.0	1354.70	675.60
98256443.0	1350.20	683.20
98256445.0	1344.50	683.10
98256447.0	1345.00	681.50
98256449.0	1345.10	679.90
98256451.0	1343.10	679.90
98256453.0	1343.20	678.20
98256455.0	1343.20	678.10
98256457.0	1343.10	678.60
98256459.0	1343.10	678.50
98256461.0	1343.10	678.90
98256463.0	1346.70	679.20
98256465.0	1347.90	685.80
98256467.0	1347.90	685.70
98256469.0	1348.30	682.10
98256471.0	1348.40	678.40
98256473.0	1344.10	676.10
98256475.0	1344.10	678.80
98256477.0	1344.50	679.40
98256479.0	1345.00	680.00
98256481.0	1351.00	684.40
98256483.0	1351.00	684.40
98256485.0	1349.60	684.40
98256487.0	1349.30	678.00
98256489.0	1348.80	676.10
98256491.0	1346.00	676.20
98256493.0	1346.00	676.10
98256495.0	1347.50	676.40
98256497.0	1347.50	676.40
98256499.0	1347.80	675.40
98256501.0	1348.00	675.20
98256503.0	1348.40	675.20
98256505.0	1348.40	673.80
98256507.0	1347.50	672.40
98256509.0	1347.50	672.10
98256511.0	1349.20	667.40
98256513.0	1349.10	669.60
98256515.0	1348.80	671.60
98256517.0	1348.80	671.50
98256519.0	1347.90	671.50
98256521.0	1347.70	677.30
98256523.0	1350.20	676.70
98256525.0	1350.10	676.70
98256527.0	1353.30	676.60
98256529.0	1353.30	673.40
98256531.0	1348.20	670.70
98256533.0	1348.20	670.70
98256535.0	1345.90	674.80
98256537.0	1345.90	674.70
98256539.0	1347.60	672.00
98256541.0	1349.20	669.40
98256543.0	1349.20	669.00
98256545.0	1348.30	668.70
98256547.0	1348.30	668.70
98256549.0	1350.70	666.00
98256551.0	1350.50	667.20
98256553.0	1350.40	667.20
98256555.0	1350.30	670.30
98256557.0	1350.30	670.70
98256559.0	1350.90	671.10
98256561.0	1350.80	675.20
98256563.0	1350.80	675.10
98256565.0	1349.00	675.20
98256567.0	1348.90	676.20
98256569.0	1350.20	676.20
98256571.0	1350.20	673.80
98256573.0	1350.30	672.00
98256575.0	1352.70	667.80
98256577.0	1352.80	665.80
98256579.0	1353.00	664.90
98256581.0	1353.10	662.20
98256583.0	1349.10	662.20
98256585.0	1348.80	672.10
98256587.0	1353.90	672.00
98256589.0	1354.00	667.80
98256591.0	1351.00	667.90
98256593.0	1351.00	667.90
98256595.0	1350.40	670.80
98256597.0	1350.30	670.40
98256599.0	1350.30	670.10
98256601.0	1350.80	669.70
98256603.0	1352.20	656.40
98256605.0	1352.20	654.10
98256607.0	1354.40	654.10
98256609.0	1354.20	667.50
98256611.0	1354.30	667.60
98256613.0	1353.10	667.60
98256615.0	1353.60	663.20
98256617.0	1354.00	663.20
98256619.0	1354.30	673.10
98256621.0	1354.20	673.00
98256623.0	1349.70	656.00
98256625.0	1349.70	656.00
98256627.0	1354.10	655.90
98256629.0	1354.10	655.90
98256631.0	1357.40	660.70
98256633.0	1357.30	663.40
98256635.0	1354.50	662.50
98256637.0	1354.60	662.50
98256639.0	1354.70	669.80
98256641.0	1354.80	678.50
98256643.0	1355.70	678.80
98256645.0	1356.50	678.90
98256647.0	1357.70	669.60
98256649.0	1357.70	669.70
98256651.0	1356.30	678.10
98256653.0	1356.30	678.10
98256655.0	1366.70	683.70
98256657.0	1382.20	717.70
98256659.0	1402.80	741.50
98256661.0	1429.10	779.90
98256663.0	1456.30	816.50
98256665.0	1484.70	869.50
98256667.0	1512.50	928.30
98256669.0	1537.70	967.90
98256671.0	1575.30	1004.90
98256673.0	1609.20	1049.70
98256675.0	1647.70	1087.40
98256677.0	1680.20	1129.20
98256679.0	1711.90	1179.80
98256681.0	1746.00	1218.90
98256683.0	1791.80	1275.40
98256685.0	1829.00	1315.50
98256687.0	1858.70	1360.90
98256689.0	1894.80	1397.40
98256691.0	1944.00	1432.70
98256693.0	1973.10	1467.30
98256695.0	2013.10	1503.80
98256697.0	2045.80	1543.20
98256699.0	2092.00	1578.00
98256701.0	2136.60	1599.40
98256703.0	2161.30	1632.20
98256705.0	2206.30	1651.40
98256707.0	2250.40	1685.40
98256709.0	2287.30	1706.50
98256711.0	2328.40	1734.10
98256713.0	2379.20	1752.90
98256715.0	2432.70	1781.00
98256717.0	2468.20	1800.70
98256719.0	2514.00	1825.50
98256721.0	2550.40	1840.60
98256723.0	2597.10	1853.50
98256725.0	2616.70	1859.80
98256727.0	2674.00	1877.30
98256729.0	2713.40	1883.20
98256731.0	2772.00	1887.40
98256733.0	2809.60	1890.80
98256735.0	2853.10	1888.20
98256737.0	2888.10	1888.20
98256739.0	2933.50	1882.10
98256741.0	2971.90	1873.60
98256743.0	3039.50	1852.70
98256745.0	3059.30	1844.00
98256747.0	3106.70	1823.60
98256749.0	3138.00	1805.90
98256751.0	3211.00	1762.10
98256753.0	3257.80	1734.90
98256755.0	3270.00	1701.70
98256757.0	3270.00	1636.90
98256759.0	3270.00	1578.60
98256761.0	3270.00	1540.80
98256763.0	3270.00	1472.80
98256765.0	3270.00	1422.10
98256767.0	3270.00	1321.30
98256769.0	3270.00	1228.50
98256771.0	3270.00	1111.20
98256773.0	3270.00	1003.80
98256775.0	3270.00	1004.00
98256777.0	3270.00	804.90
98256779.0	3270.00	619.20
98256781.0	3270.00	505.10
98256783.0	3270.00	212.00
98256785.0	3270.00	-299.30
98256787.0	-32768.00	-32768.00
98256789.0	-32768.00	-32768.00
98256791.0	-32768.00	-32768.00
98256793.0	-32768.00	-32768.00
98256795.0	-32768.00	-32768.00
98256797.0	-32768.00	-32768.00
98256799.0	-32768.00	-32768.00
98256801.0	-32768.00	-32768.00
98256803.0	-32768.00	-32768.00
98256805.0	-32768.00	-32768.00
98256807.0	-32768.00	-32768.00
98256809.0	-32768.00	-32768.00
98256811.0	-32768.00	-32768.00
98256813.0	-32768.00	-32768.00
98256815.0	-32768.00	-32768.00
98256817.0	-32768.00	-32768.00
98256819.0	-32768.00	-32768.00
98256821.0	-32768.00	-32768.00
98256823.0	-32768.00	-32768.00
98256825.0	-32768.00	-32768.00
98256827.0	-32768.00	-32768.00
98256829.0	-32768.00	-32768.00
98256831.0	-32768.00	-32768.00
98256833.0	-32768.00	-32768.00
98256835.0	-32768.00	-32768.00
98256837.0	-32768.00	-32768.00
98256839.0	-32768.00	-32768.00
98256841.0	-32768.00	-32768.00
98256843.0	-32768.00	-32768.00
98256845.0	-32768.00	-32768.00
98256847.0	-32768.00	-32768.00
98256849.0	-32768.00	-32768.00
98256851.0	-32768.00	-32768.00
98256853.0	-32768.00	-32768.00
98256855.0	-32768.00	-32768.00
98256857.0	-32768.00	-32768.00
98256859.0	-32768.00	-32768.00
98256861.0	-32768.00	-32768.00
98256863.0	-32768.00	-32768.00
98256865.0	-32768.00	-32768.00
98256867.0	-32768.00	-32768.00
98256869.0	-32768.00	-32768.00
98256871.0	-32768.00	-32768.00
98256873.0	-32768.00	-32768.00
98256875.0	-32768.00	-32768.00
98256877.0	-32768.00	-32768.00
98256879.0	-32768.00	-32768.00
98256881.0	-32768.00	-32768.00
98256883.0	-32768.00	-32768.00
98256885.0	-32768.00	-32768.00
98256887.0	-32768.00	-32768.00
98256889.0	-32768.00	-32768.00
98256891.0	-32768.00	-32768.00
98256893.0	-32768.00	-32768.00
98256895.0	-32768.00	-32768.00
98256897.0	-32768.00	-32768.00
98256899.0	-32768.00	-32768.00
98256901.0	-32768.00	-32768.00
98256903.0	-32768.00	-32768.00
98256905.0	-32768.00	-32768.00
98256907.0	-32768.00	-32768.00
98256909.0	-32768.00	-32768.00
98256911.0	-32768.00	-32768.00
98256913.0	-32768.00	-32768.00
98256915.0	-32768.00	-32768.00
98256917.0	-32768.00	-32768.00
98256919.0	-32768.00	-32768.00
98256921.0	-32768.00	-32768.00
98256923.0	-32768.00	-32768.00
98256925.0	-32768.00	-32768.00
98256927.0	-32768.00	-32768.00
98256929.0	-32768.00	-32768.00
98256931.0	-32768.00	-32768.00
98256933.0	-32768.00	-32768.00
98256935.0	-32768.00	-32768.00
98256937.0	-32768.00	-32768.00
98256939.0	-32768.00	-32768.00
98256941.0	-32768.00	-32768.00
98256943.0	-32768.00	-32768.00
98256945.0	-32768.00	-32768.00
98256947.0	-32768.00	-32768.00
98256949.0	-32768.00	-32768.00
98256951.0	-32768.00	-32768.00
98256953.0	-32768.00	-32768.00
98256955.0	-32768.00	-32768.00
98256957.0	-32768.00	-32768.00
98256959.0	-32768.00	-32768.00
98256961.0	-32768.00	-32768.00
98256963.0	-32768.00	-32768.00
98256965.0	-32768.00	-32768.00
98256967.0	-32768.00	-32768.00
98256969.0	-32768.00	-32768.00
98256971.0	-32768.00	-32768.00
98256973.0	-32768.00	-32768.00
98256975.0	-32768.00	-32768.00
98256977.0	-32768.00	-32768.00
98256979.0	-32768.00	-32768.00
98256981.0	-32768.00	-32768.00
98256983.0	-32768.00	-32768.00
98256985.0	-32768.00	-32768.00
98256987.0	-32768.00	-32768.00
98256989.0	-32768.00	-32768.00
98256991.0	-32768.00	-32768.00
98256993.0	-32768.00	-32768.00
98256995.0	-32768.00	-32768.00
98256997.0	-32768.00	-32768.00
98256999.0	-32768.00	-32768.00
98257001.0	-32768.00	-32768.00
98257003.0	-32768.00	-32768.00
98257005.0	-32768.00	-32768.00
98257007.0	-32768.00	-32768.00
98257009.0	-32768.00	-32768.00
98257011.0	-32768.00	-32768.00
98257013.0	-32768.00	-32768.00
98257015.0	-32768.00	-32768.00
98257017.0	-32768.00	-32768.00
98257019.0	-32768.00	-32768.00
98257021.0	-32768.00	-32768.00
98257023.0	-32768.00	-32768.00
98257025.0	-32768.00	-32768.00
98257027.0	-32768.00	-32768.00
98257029.0	-32768.00	-32768.00
98257031.0	-32768.00	-32768.00
98257033.0	-32768.00	-32768.00
98257035.0	-32768.00	-32768.00
98257037.0	-32768.00	-32768.00
98257039.0	-32768.00	-32768.00
98257041.0	-32768.00	-32768.00
98257043.0	-32768.00	-32768.00
98257045.0	-32768.00	-32768.00
98257047.0	-32768.00	-32768.00
98257049.0	-32768.00	-32768.00
98257051.0	-32768.00	-32768.00
98257053.0	-32768.00	-32768.00
98257055.0	-32768.00	-32768.00
98257057.0	-32768.00	-32768.00
98257059.0	-32768.00	-32768.00
98257061.0	-32768.00	-32768.00
98257063.0	-32768.00	-32768.00
98257065.0	-32768.00	-32768.00
98257067.0	-32768.00	-32768.00
98257069.0	-32768.00	-32768.00
98257073.0	-32768.00	-32768.00
98257075.0	-32768.00	-32768.00
98257077.0	-32768.00	-32768.00
98257079.0	-32768.00	-32768.00
98257081.0	-32768.00	-32768.00
98257083.0	-32768.00	-32768.00
98257085.0	-32768.00	-32768.00
98257087.0	-32768.00	-32768.00
98257089.0	-32768.00	-32768.00
98257091.0	-32768.00	-32768.00
98257093.0	-32768.00	-32768.00
98257095.0	-32768.00	-32768.00
98257097.0	-32768.00	-32768.00
98257099.0	-32768.00	-32768.00
98257101.0	-32768.00	-32768.00
98257103.0	-32768.00	-32768.00
98257105.0	-32768.00	-32768.00
98257107.0	-32768.00	-32768.00
98257109.0	-32768.00	-32768.00
98257111.0	-32768.00	-32768.00
98257113.0	-32768.00	-32768.00
98257115.0	-32768.00	-32768.00
98257117.0	-32768.00	-32768.00
98257119.0	-32768.00	-32768.00
98257121.0	-32768.00	-32768.00
98257123.0	-32768.00	-32768.00
98257125.0	-32768.00	-32768.00
98257127.0	-32768.00	-32768.00
98257129.0	-32768.00	-32768.00
98257131.0	-32768.00	-32768.00
98257133.0	-32768.00	-32768.00
98257135.0	-32768.00	-32768.00
98257137.0	-32768.00	-32768.00
98257139.0	-32768.00	-32768.00
98257141.0	-32768.00	-32768.00
98257143.0	-32768.00	-32768.00
98257145.0	-32768.00	-32768.00
98257147.0	-32768.00	-32768.00
98257149.0	-32768.00	-32768.00
98257151.0	-32768.00	-32768.00
98257153.0	-32768.00	-32768.00
98257155.0	-32768.00	-32768.00
98257157.0	-32768.00	-32768.00
98257159.0	-32768.00	-32768.00
98257161.0	-32768.00	-32768.00
98257163.0	-32768.00	-32768.00
98257165.0	-32768.00	-32768.00
98257167.0	-32768.00	-32768.00
98257169.0	-32768.00	-32768.00
98257171.0	-32768.00	-32768.00
98257173.0	-32768.00	-32768.00
98257175.0	-32768.00	-32768.00
98257177.0	-32768.00	-32768.00
98257179.0	-32768.00	-32768.00
98257181.0	-32768.00	-32768.00
98257183.0	-32768.00	-32768.00
98257185.0	-32768.00	-32768.00
98257187.0	-32768.00	-32768.00
98257189.0	-32768.00	-32768.00
98257191.0	-32768.00	-32768.00
98257193.0	-32768.00	-32768.00
98257195.0	-32768.00	-32768.00
98257197.0	-32768.00	-32768.00
98257199.0	-32768.00	-32768.00
98257201.0	-32768.00	-32768.00
98257203.0	-32768.00	-32768.00
98257205.0	-32768.00	-32768.00
98257207.0	-32768.00	-32768.00
98257209.0	-32768.00	-32768.00
98257211.0	-32768.00	-32768.00
98257213.0	-32768.00	-32768.00
98257215.0	-32768.00	-32768.00
98257217.0	-32768.00	-32768.00
98257219.0	-32768.00	-32768.00
98257221.0	-32768.00	-32768.00
98257223.0	-32768.00	-32768.00
98257225.0	-32768.00	-32768.00
98257227.0	-32768.00	-32768.00
98257229.0	-32768.00	-32768.00
98257231.0	-32768.00	-32768.00
98257233.0	-32768.00	-32768.00
98257235.0	-32768.00	-32768.00
98257237.0	-32768.00	-32768.00
98257239.0	-32768.00	-32768.00
98257241.0	-32768.00	-32768.00
98257243.0	-32768.00	-32768.00
98257245.0	-32768.00	-32768.00
98257247.0	-32768.00	-32768.00
98257249.0	-32768.00	-32768.00
98257251.0	-32768.00	-32768.00
98257253.0	-32768.00	-32768.00
98257255.0	-32768.00	-32768.00
98257257.0	-32768.00	-32768.00
98257259.0	-32768.00	-32768.00
98257261.0	-32768.00	-32768.00
98257263.0	-32768.00	-32768.00
98257269.0	-32768.00	-32768.00
98257271.0	-32768.00	-32768.00
98257273.0	-32768.00	-32768.00
98257275.0	-32768.00	-32768.00
98257277.0	-32768.00	-32768.00
98257279.0	-32768.00	-32768.00
98257281.0	-32768.00	-32768.00
98257283.0	-32768.00	-32768.00
98257285.0	-32768.00	-32768.00
98257287.0	-32768.00	-32768.00
98257289.0	-32768.00	-32768.00
98257291.0	825.00	2251.70
98257293.0	824.90	2251.80
98257295.0	1421.40	1093.70
98257297.0	1421.40	1013.10
98257299.0	1412.90	883.40
98257301.0	1406.30	744.10
98257303.0	1406.50	732.70
98257305.0	1407.50	628.70
98257307.0	1406.40	628.70
98257309.0	1399.60	568.60
98257311.0	1392.70	568.70
98257313.0	1393.10	546.60
98257315.0	1397.00	546.50
98257317.0	1396.60	543.40
98257319.0	1396.50	543.40
98257321.0	1396.20	548.20
98257323.0	1396.20	548.20
98257325.0	1402.20	551.10
98257327.0	1402.20	554.10
98257329.0	1401.80	567.60
98257331.0	1400.00	568.90
98257333.0	1398.40	566.80
98257335.0	1398.40	566.80
98257337.0	1399.30	582.90
98257339.0	1400.30	591.30
98257341.0	1399.90	604.50
98257343.0	1399.80	610.10
98257345.0	1399.90	610.00
98257347.0	1403.10	623.50
98257349.0	1403.00	629.50
