98211511.0	1279.80	747.70
98211513.0	1279.70	749.80
98211515.0	1279.70	749.80
98211517.0	1280.10	738.70
98211519.0	1281.00	738.70
98211521.0	1280.90	741.60
98211523.0	1282.30	746.70
98211525.0	1282.00	749.80
98211527.0	1281.90	749.40
98211529.0	1280.30	749.00
98211531.0	1280.10	752.40
98211533.0	1279.90	752.40
98211535.0	1280.00	745.80
98211537.0	1280.00	745.80
98211539.0	1284.60	745.70
98211541.0	1284.60	746.20
98211543.0	1282.20	746.80
98211545.0	1282.20	747.90
98211547.0	1281.90	749.10
98211549.0	1282.00	748.70
98211551.0	1282.00	748.20
98211553.0	1279.20	746.30
98211555.0	1279.20	746.40
98211557.0	1279.20	746.60
98211559.0	1279.00	746.60
98211561.0	1279.10	744.30
98211563.0	1279.10	744.30
98211565.0	1278.30	757.80
98211567.0	1278.40	757.80
98211569.0	1280.30	744.20
98211571.0	1280.30	744.30
98211573.0	1281.10	751.40
98211575.0	1280.90	757.40
98211577.0	1281.70	757.40
98211579.0	1282.60	752.40
98211581.0	1282.80	743.10
98211583.0	1283.80	743.00
98211585.0	1283.70	747.10
98211587.0	1283.90	745.70
98211589.0	1283.90	744.40
98211591.0	1281.10	744.30
98211593.0	1281.10	745.80
98211595.0	1281.00	747.50
98211597.0	1280.90	749.80
98211599.0	1281.30	750.00
98211601.0	1281.40	749.10
98211603.0	1278.60	749.30
98211605.0	1278.50	751.60
98211607.0	1278.70	753.80
98211609.0	1278.70	751.60
98211611.0	1278.30	751.50
98211613.0	1280.80	750.40
98211615.0	1283.40	749.30
98211617.0	1283.30	749.20
98211619.0	1280.40	754.40
98211621.0	1280.30	754.20
98211623.0	1280.30	754.20
98211625.0	1280.90	749.00
98211627.0	1281.10	744.20
98211629.0	1280.80	744.20
98211631.0	1280.60	743.60
98211633.0	1282.00	743.50
98211635.0	1283.00	756.70
98211637.0	1281.90	756.70
98211639.0	1281.30	749.60
98211641.0	1281.20	749.70
98211643.0	1278.70	750.10
98211645.0	1274.60	752.30
98211647.0	1273.70	752.40
98211649.0	1273.80	748.20
98211651.0	1278.50	748.20
98211653.0	1278.40	748.20
98211655.0	1278.40	750.40
98211657.0	1278.40	750.70
98211659.0	1277.70	751.00
98211661.0	1277.60	753.20
98211663.0	1281.30	754.60
98211665.0	1282.90	754.60
98211667.0	1282.90	755.20
98211669.0	1275.00	755.30
98211671.0	1275.30	744.50
98211673.0	1277.00	744.50
98211675.0	1279.90	746.30
98211677.0	1279.80	748.30
98211679.0	1279.80	748.60
98211681.0	1283.10	748.40
98211683.0	1283.20	745.80
98211685.0	1283.40	743.20
98211687.0	1283.50	743.40
98211689.0	1283.50	743.70
98211691.0	1281.90	743.80
98211693.0	1282.40	744.00
98211695.0	1282.40	743.60
98211697.0	1281.30	743.70
98211699.0	1281.70	744.50
98211701.0	1282.10	745.20
98211703.0	1285.30	745.40
98211705.0	1285.30	745.50
98211707.0	1280.20	744.40
98211709.0	1277.20	746.00
98211711.0	1277.20	747.70
98211713.0	1282.40	747.60
98211715.0	1282.30	747.60
98211717.0	1282.30	747.60
98211719.0	1282.30	747.50
98211721.0	1282.60	750.30
98211723.0	1282.60	750.20
98211725.0	1282.60	748.50
98211727.0	1282.60	748.50
98211729.0	1282.40	748.70
98211731.0	1282.30	748.60
98211733.0	1281.70	747.70
98211735.0	1281.00	747.60
98211737.0	1281.00	746.70
98211739.0	1281.30	745.70
98211741.0	1281.50	745.70
98211743.0	1281.50	745.60
98211745.0	1281.40	745.60
98211747.0	1286.10	745.50
98211749.0	1291.70	745.70
98211751.0	1310.00	745.80
98211753.0	1338.90	764.90
98211755.0	1381.20	766.00
98211757.0	1430.00	779.20
98211759.0	1486.80	808.10
98211761.0	1531.00	812.20
98211763.0	1580.90	810.90
98211765.0	1642.30	808.60
98211767.0	1689.70	807.60
98211769.0	1739.40	813.40
98211771.0	1803.50	812.80
98211773.0	1858.10	819.60
98211775.0	1923.60	826.70
98211777.0	1971.90	826.90
98211779.0	2028.10	832.80
98211781.0	2088.20	833.80
98211783.0	2152.90	835.30
98211785.0	2192.90	846.00
98211787.0	2252.80	848.20
98211789.0	2315.50	856.30
98211791.0	2364.30	862.90
98211793.0	2420.60	870.20
98211795.0	2471.80	884.50
98211797.0	2534.30	889.30
98211799.0	2595.50	903.30
98211801.0	2652.70	921.10
98211803.0	2694.80	926.90
98211805.0	2760.50	947.90
98211807.0	2821.50	958.90
98211809.0	2868.00	976.00
98211811.0	2924.70	1000.80
98211813.0	2982.00	1015.40
98211815.0	3041.90	1041.30
98211817.0	3118.80	1053.40
98211819.0	3171.60	1079.00
98211821.0	3215.10	1093.10
98211823.0	3270.00	1121.60
98211825.0	3270.00	1140.40
98211827.0	3270.00	1155.50
98211829.0	3270.00	1182.30
98211831.0	3270.00	1199.50
98211833.0	3270.00	1217.20
98211835.0	3270.00	1231.90
98211837.0	3270.00	1255.00
98211839.0	3270.00	1266.90
98211841.0	3270.00	1292.70
98211843.0	3270.00	1314.40
98211845.0	3270.00	1337.90
98211847.0	3270.00	1360.60
98211849.0	3270.00	1386.60
98211851.0	3270.00	1406.30
98211853.0	3270.00	1427.00
98211855.0	3270.00	1443.90
98211857.0	3270.00	1474.00
98211859.0	3270.00	1492.30
98211861.0	3270.00	1530.30
98211863.0	3270.00	1580.00
98211865.0	-32768.00	-32768.00
98211867.0	-32768.00	-32768.00
98211869.0	-32768.00	-32768.00
98211871.0	-32768.00	-32768.00
98211873.0	-32768.00	-32768.00
98211875.0	-32768.00	-32768.00
98211877.0	-32768.00	-32768.00
98211879.0	-32768.00	-32768.00
98211881.0	-32768.00	-32768.00
98211883.0	-32768.00	-32768.00
98211885.0	-32768.00	-32768.00
98211887.0	-32768.00	-32768.00
98211889.0	-32768.00	-32768.00
98211891.0	-32768.00	-32768.00
98211893.0	-32768.00	-32768.00
98211895.0	-32768.00	-32768.00
98211897.0	-32768.00	-32768.00
98211899.0	-32768.00	-32768.00
98211901.0	-32768.00	-32768.00
98211903.0	-32768.00	-32768.00
98211905.0	-32768.00	-32768.00
98211907.0	-32768.00	-32768.00
98211909.0	-32768.00	-32768.00
98211911.0	-32768.00	-32768.00
98211913.0	-32768.00	-32768.00
98211915.0	-32768.00	-32768.00
98211917.0	-32768.00	-32768.00
98211919.0	-32768.00	-32768.00
98211921.0	-32768.00	-32768.00
98211923.0	-32768.00	-32768.00
98211925.0	-32768.00	-32768.00
98211927.0	-32768.00	-32768.00
98211929.0	-32768.00	-32768.00
98211931.0	-32768.00	-32768.00
98211933.0	-32768.00	-32768.00
98211935.0	-32768.00	-32768.00
98211937.0	-32768.00	-32768.00
98211939.0	-32768.00	-32768.00
98211941.0	-32768.00	-32768.00
98211943.0	-32768.00	-32768.00
98211945.0	-32768.00	-32768.00
98211947.0	-32768.00	-32768.00
98211949.0	-32768.00	-32768.00
98211951.0	-32768.00	-32768.00
98211953.0	-32768.00	-32768.00
98211955.0	-32768.00	-32768.00
98211957.0	-32768.00	-32768.00
98211959.0	-32768.00	-32768.00
98211961.0	-32768.00	-32768.00
98211963.0	-32768.00	-32768.00
98211965.0	-32768.00	-32768.00
98211967.0	-32768.00	-32768.00
98211969.0	-32768.00	-32768.00
98211971.0	-32768.00	-32768.00
98211973.0	-32768.00	-32768.00
98211975.0	-32768.00	-32768.00
98211977.0	-32768.00	-32768.00
98211979.0	-32768.00	-32768.00
98211981.0	-32768.00	-32768.00
98211983.0	-32768.00	-32768.00
98211985.0	-32768.00	-32768.00
98211987.0	-32768.00	-32768.00
98211989.0	-32768.00	-32768.00
98211991.0	-32768.00	-32768.00
98211993.0	-32768.00	-32768.00
98211995.0	-32768.00	-32768.00
98211997.0	-32768.00	-32768.00
98211999.0	-32768.00	-32768.00
98212001.0	-32768.00	-32768.00
98212003.0	-32768.00	-32768.00
98212005.0	-32768.00	-32768.00
98212007.0	-32768.00	-32768.00
98212009.0	-32768.00	-32768.00
98212011.0	-32768.00	-32768.00
98212013.0	-32768.00	-32768.00
98212015.0	-32768.00	-32768.00
98212017.0	-32768.00	-32768.00
98212019.0	-32768.00	-32768.00
98212021.0	-32768.00	-32768.00
98212023.0	-32768.00	-32768.00
98212025.0	-32768.00	-32768.00
98212027.0	-32768.00	-32768.00
98212029.0	-32768.00	-32768.00
98212031.0	-32768.00	-32768.00
98212033.0	-32768.00	-32768.00
98212035.0	-32768.00	-32768.00
98212037.0	-32768.00	-32768.00
98212039.0	-32768.00	-32768.00
98212041.0	-32768.00	-32768.00
98212043.0	-32768.00	-32768.00
98212045.0	-32768.00	-32768.00
98212047.0	-32768.00	-32768.00
98212049.0	-32768.00	-32768.00
98212051.0	-32768.00	-32768.00
98212053.0	-32768.00	-32768.00
98212055.0	-32768.00	-32768.00
98212057.0	-32768.00	-32768.00
98212059.0	-32768.00	-32768.00
98212061.0	-32768.00	-32768.00
98212063.0	-32768.00	-32768.00
98212065.0	-32768.00	-32768.00
98212067.0	-32768.00	-32768.00
98212069.0	-32768.00	-32768.00
98212071.0	-32768.00	-32768.00
98212073.0	-32768.00	-32768.00
98212075.0	-32768.00	-32768.00
98212085.0	-32768.00	-32768.00
98212087.0	-32768.00	-32768.00
98212089.0	-32768.00	-32768.00
98212091.0	-32768.00	-32768.00
98212093.0	-32768.00	-32768.00
98212095.0	-32768.00	-32768.00
98212097.0	-32768.00	-32768.00
98212099.0	-32768.00	-32768.00
98212101.0	-32768.00	-32768.00
98212103.0	-32768.00	-32768.00
98212105.0	-32768.00	-32768.00
98212107.0	-32768.00	-32768.00
98212109.0	-32768.00	-32768.00
98212111.0	-32768.00	-32768.00
98212113.0	-32768.00	-32768.00
98212115.0	-32768.00	-32768.00
98212117.0	-32768.00	-32768.00
98212119.0	-32768.00	-32768.00
98212121.0	-32768.00	-32768.00
98212123.0	-32768.00	-32768.00
98212125.0	-32768.00	-32768.00
98212127.0	-32768.00	-32768.00
98212129.0	-32768.00	-32768.00
98212131.0	-32768.00	-32768.00
98212133.0	-32768.00	-32768.00
98212135.0	-32768.00	-32768.00
98212137.0	-32768.00	-32768.00
98212139.0	-32768.00	-32768.00
98212141.0	-32768.00	-32768.00
98212143.0	-32768.00	-32768.00
98212145.0	3270.00	1581.20
98212147.0	3270.00	1510.10
98212149.0	3270.00	1451.80
98212151.0	3270.00	1388.50
98212153.0	3270.00	1319.20
98212155.0	3270.00	1265.00
98212157.0	3270.00	1214.50
98212159.0	3270.00	1140.40
98212161.0	3270.00	1096.30
98212163.0	3270.00	1057.50
98212165.0	3249.60	1012.70
98212167.0	3176.40	976.70
98212169.0	3079.50	942.50
98212171.0	2999.00	906.20
98212173.0	2932.20	886.10
98212175.0	2869.00	861.80
98212177.0	2808.60	837.10
98212179.0	2745.00	826.10
98212181.0	2687.30	801.00
98212183.0	2625.70	792.40
98212185.0	2569.40	760.70
98212187.0	2513.60	755.30
98212189.0	2451.50	737.80
98212191.0	2383.20	706.50
98212193.0	2319.10	700.20
98212195.0	2273.70	685.70
98212197.0	2212.30	674.10
98212199.0	2156.50	672.00
98212201.0	2106.80	669.90
98212203.0	2071.30	659.40
98212205.0	2037.00	657.00
98212207.0	2003.20	654.70
98212209.0	1965.80	650.50
98212211.0	1923.20	649.60
98212213.0	1886.10	647.70
98212215.0	1840.70	647.10
98212217.0	1803.30	654.50
98212219.0	1757.70	655.20
98212221.0	1720.20	656.00
98212223.0	1682.00	660.90
98212225.0	1644.80	666.20
98212227.0	1607.20	684.80
98212229.0	1570.10	685.20
98212231.0	1543.50	685.50
98212233.0	1498.50	680.10
98212235.0	1465.70	680.40
98212237.0	1419.10	681.30
98212239.0	1370.40	690.00
98212241.0	1338.50	706.60
98212243.0	1300.70	709.80
98212245.0	1265.20	712.90
98212247.0	1219.40	725.90
98212249.0	1186.40	727.00
98212251.0	1141.90	729.20
98212253.0	1118.00	729.60
98212255.0	1087.60	731.30
98212257.0	1061.90	731.50
98212259.0	1061.40	731.50
98212261.0	1061.30	736.70
98212263.0	1076.60	737.90
98212265.0	1090.30	746.50
98212267.0	1107.80	746.30
98212269.0	1112.50	734.40
98212271.0	1116.20	734.40
98212273.0	1116.20	734.30
98212275.0	1102.10	743.70
98212277.0	1095.50	743.70
98212279.0	1085.40	735.90
98212281.0	1081.70	734.60
98212283.0	1077.80	733.30
98212285.0	1077.70	735.10
98212287.0	1082.00	734.60
98212289.0	1088.00	734.20
98212291.0	1091.70	732.90
98212293.0	1091.70	731.70
98212295.0	1093.20	739.20
98212297.0	1093.40	744.20
98212299.0	1093.40	744.20
98212301.0	1094.40	744.20
98212303.0	1095.40	744.20
98212305.0	1098.90	745.80
98212307.0	1098.90	745.80
98212309.0	1100.90	727.90
98212311.0	1100.70	728.00
98212313.0	1100.40	727.40
98212315.0	1097.20	727.40
98212317.0	1096.70	738.20
98212319.0	1096.80	738.30
98212321.0	1098.80	731.10
98212323.0	1098.80	731.10
98212325.0	1096.20	731.10
98212327.0	1096.30	730.00
98212329.0	1095.30	730.00
98212331.0	1095.20	732.60
98212333.0	1098.40	733.90
98212335.0	1100.30	735.30
98212337.0	1100.10	740.00
98212339.0	1099.10	740.00
98212341.0	1098.30	736.40
98212343.0	1098.30	738.00
98212345.0	1097.30	738.00
98212347.0	1097.30	738.00
98212349.0	1097.30	738.00
98212351.0	1097.30	738.00
98212353.0	1096.80	736.30
98212355.0	1097.10	736.00
98212357.0	1097.40	736.00
98212359.0	1097.80	736.50
98212361.0	1098.20	736.40
98212363.0	1098.20	736.60
98212365.0	1098.20	736.50
98212367.0	1098.70	736.50
98212369.0	1098.80	737.60
98212371.0	1099.00	737.60
98212373.0	1100.40	736.20
98212375.0	1100.40	736.30
98212377.0	1099.00	738.10
98212379.0	1098.90	739.80
98212381.0	1110.00	744.00
98212383.0	1110.00	744.00
98212385.0	1099.60	744.20
98212387.0	1099.60	743.40
98212389.0	1101.90	742.50
98212391.0	1101.70	743.60
98212393.0	1101.70	744.70
98212395.0	1104.40	744.70
98212397.0	1104.80	743.20
98212399.0	1104.90	743.40
98212401.0	1102.20	743.50
98212403.0	1101.60	742.90
98212405.0	1101.20	740.40
98212407.0	1097.20	742.40
98212409.0	1097.20	742.60
98212411.0	1104.30	742.50
98212413.0	1104.30	743.10
98212415.0	1106.30	743.10
98212417.0	1106.40	731.90
98212419.0	1106.40	731.90
98212421.0	1107.30	741.40
98212423.0	1107.10	745.90
98212425.0	1107.40	745.10
98212427.0	1107.70	744.20
98212429.0	1107.40	744.10
98212431.0	1107.00	744.00
98212433.0	1107.50	744.00
98212435.0	1107.70	751.10
98212437.0	1107.50	751.10
98212439.0	1107.80	743.50
98212441.0	1109.00	743.50
98212443.0	1110.30	738.60
98212445.0	1109.70	738.60
98212447.0	1109.00	741.20
98212449.0	1108.30	741.20
98212451.0	1107.90	739.80
98212453.0	1108.00	738.50
98212455.0	1108.00	738.10
98212457.0	1112.90	738.00
98212459.0	1112.90	738.00
98212461.0	1112.80	739.80
98212463.0	1112.70	741.60
98212465.0	1118.50	739.10
98212467.0	1118.50	739.00
98212469.0	1115.80	741.30
98212471.0	1114.90	743.60
98212473.0	1111.00	743.10
98212475.0	1111.00	742.40
98212477.0	1113.20	743.10
98212479.0	1113.20	743.00
98212481.0	1114.40	744.70
98212483.0	1114.40	744.00
98212485.0	1115.20	743.30
98212487.0	1115.60	734.90
98212489.0	1113.60	735.00
98212491.0	1113.70	733.70
98212493.0	1113.90	733.70
98212495.0	1113.80	737.00
98212497.0	1114.20	739.70
98212499.0	1114.70	739.80
98212501.0	1116.50	748.70
98212503.0	1116.50	748.80
98212505.0	1113.00	740.50
98212507.0	1114.00	740.60
98212509.0	1113.80	737.50
98212511.0	1113.50	736.30
98212513.0	1113.50	736.30
98212515.0	1123.30	734.80
98212517.0	1130.60	724.70
98212519.0	1161.30	718.00
98212521.0	1199.70	688.70
98212523.0	1239.30	677.70
98212525.0	1285.30	661.00
98212527.0	1333.10	645.40
98212529.0	1389.90	644.80
98212531.0	1437.40	646.70
98212533.0	1476.00	648.90
98212535.0	1523.70	733.80
98212537.0	1578.50	792.30
98212539.0	1613.60	945.90
98212541.0	1668.90	1121.60
98212543.0	1730.50	1306.70
98212545.0	1791.50	1476.80
98212547.0	1869.70	1616.60
98212549.0	1990.10	1820.20
98212551.0	2055.30	1948.70
98212553.0	2055.10	1948.40
98212555.0	-32768.00	-32768.00
98212557.0	-32768.00	-32768.00
98212559.0	-32768.00	-32768.00
98212561.0	-32768.00	-32768.00
98212563.0	-32768.00	-32768.00
98212565.0	-32768.00	-32768.00
98212567.0	-32768.00	-32768.00
98212569.0	-32768.00	-32768.00
98212571.0	-32768.00	-32768.00
98212573.0	-32768.00	-32768.00
98212575.0	-32768.00	-32768.00
98212577.0	-32768.00	-32768.00
98212579.0	-32768.00	-32768.00
98212581.0	-32768.00	-32768.00
98212583.0	-32768.00	-32768.00
98212585.0	-32768.00	-32768.00
98212587.0	-32768.00	-32768.00
98212589.0	-32768.00	-32768.00
98212591.0	-32768.00	-32768.00
98212593.0	-32768.00	-32768.00
98212595.0	-32768.00	-32768.00
98212597.0	-32768.00	-32768.00
98212599.0	-32768.00	-32768.00
98212601.0	-32768.00	-32768.00
98212603.0	-32768.00	-32768.00
98212605.0	-32768.00	-32768.00
98212607.0	-32768.00	-32768.00
98212609.0	-32768.00	-32768.00
98212611.0	-32768.00	-32768.00
98212613.0	-32768.00	-32768.00
98212615.0	-32768.00	-32768.00
98212617.0	-32768.00	-32768.00
98212619.0	-32768.00	-32768.00
98212621.0	-32768.00	-32768.00
98212623.0	-32768.00	-32768.00
98212625.0	-32768.00	-32768.00
98212627.0	-32768.00	-32768.00
98212629.0	-32768.00	-32768.00
98212631.0	-32768.00	-32768.00
98212633.0	-32768.00	-32768.00
98212635.0	-32768.00	-32768.00
98212637.0	-32768.00	-32768.00
98212639.0	-32768.00	-32768.00
98212641.0	-32768.00	-32768.00
98212643.0	-32768.00	-32768.00
98212645.0	-32768.00	-32768.00
98212647.0	-32768.00	-32768.00
98212649.0	-32768.00	-32768.00
98212651.0	-32768.00	-32768.00
98212653.0	-32768.00	-32768.00
98212655.0	-32768.00	-32768.00
98212657.0	-32768.00	-32768.00
98212659.0	-32768.00	-32768.00
98212661.0	-32768.00	-32768.00
98212663.0	-32768.00	-32768.00
98212665.0	-32768.00	-32768.00
98212667.0	-32768.00	-32768.00
98212669.0	-32768.00	-32768.00
98212671.0	-32768.00	-32768.00
98212673.0	-32768.00	-32768.00
98212675.0	-32768.00	-32768.00
98212677.0	-32768.00	-32768.00
98212679.0	-32768.00	-32768.00
98212681.0	-32768.00	-32768.00
98212683.0	-32768.00	-32768.00
98212685.0	-32768.00	-32768.00
98212687.0	-32768.00	-32768.00
98212689.0	-32768.00	-32768.00
98212691.0	-32768.00	-32768.00
98212693.0	-32768.00	-32768.00
98212695.0	-32768.00	-32768.00
98212697.0	-32768.00	-32768.00
98212699.0	-32768.00	-32768.00
98212701.0	-32768.00	-32768.00
98212703.0	-32768.00	-32768.00
98212705.0	-32768.00	-32768.00
98212707.0	-32768.00	-32768.00
98212709.0	-32768.00	-32768.00
98212711.0	-32768.00	-32768.00
98212713.0	-32768.00	-32768.00
98212715.0	-32768.00	-32768.00
98212717.0	-32768.00	-32768.00
98212719.0	-32768.00	-32768.00
98212721.0	-32768.00	-32768.00
98212723.0	-32768.00	-32768.00
98212725.0	-32768.00	-32768.00
98212727.0	-32768.00	-32768.00
98212729.0	-32768.00	-32768.00
98212731.0	-32768.00	-32768.00
98212733.0	-32768.00	-32768.00
98212735.0	-32768.00	-32768.00
98212737.0	-32768.00	-32768.00
98212739.0	-32768.00	-32768.00
98212741.0	-32768.00	-32768.00
98212743.0	-32768.00	-32768.00
98212745.0	-32768.00	-32768.00
98212747.0	-32768.00	-32768.00
98212749.0	-32768.00	-32768.00
98212751.0	-32768.00	-32768.00
98212753.0	-32768.00	-32768.00
98212755.0	-32768.00	-32768.00
98212757.0	-32768.00	-32768.00
98212759.0	-32768.00	-32768.00
98212761.0	-32768.00	-32768.00
98212763.0	-32768.00	-32768.00
98212765.0	-32768.00	-32768.00
98212767.0	-32768.00	-32768.00
98212769.0	-32768.00	-32768.00
98212771.0	-32768.00	-32768.00
98212773.0	-32768.00	-32768.00
98212775.0	-32768.00	-32768.00
98212777.0	-32768.00	-32768.00
98212779.0	-32768.00	-32768.00
98212781.0	-32768.00	-32768.00
98212783.0	-32768.00	-32768.00
98212785.0	-32768.00	-32768.00
98212787.0	-32768.00	-32768.00
98212789.0	-32768.00	-32768.00
98212791.0	-32768.00	-32768.00
98212793.0	-32768.00	-32768.00
98212795.0	-32768.00	-32768.00
98212797.0	-32768.00	-32768.00
98212799.0	-32768.00	-32768.00
98212801.0	-32768.00	-32768.00
98212803.0	-32768.00	-32768.00
98212805.0	-32768.00	-32768.00
98212807.0	-32768.00	-32768.00
98212809.0	-32768.00	-32768.00
98212811.0	-32768.00	-32768.00
98212813.0	-32768.00	-32768.00
98212815.0	-32768.00	-32768.00
98212817.0	-32768.00	-32768.00
98212819.0	-32768.00	-32768.00
98212821.0	-32768.00	-32768.00
98212823.0	-32768.00	-32768.00
98212825.0	-32768.00	-32768.00
98212827.0	-32768.00	-32768.00
98212829.0	-32768.00	-32768.00
98212831.0	-32768.00	-32768.00
98212833.0	-32768.00	-32768.00
98212835.0	-32768.00	-32768.00
98212837.0	-32768.00	-32768.00
98212839.0	-32768.00	-32768.00
98212841.0	-32768.00	-32768.00
98212843.0	-32768.00	-32768.00
98212845.0	-32768.00	-32768.00
98212847.0	-32768.00	-32768.00
98212849.0	-32768.00	-32768.00
98212851.0	-32768.00	-32768.00
98212853.0	-32768.00	-32768.00
98212855.0	-32768.00	-32768.00
98212857.0	-32768.00	-32768.00
98212859.0	-32768.00	-32768.00
98212861.0	-32768.00	-32768.00
98212863.0	-32768.00	-32768.00
98212865.0	-32768.00	-32768.00
98212867.0	-32768.00	-32768.00
98212869.0	-32768.00	-32768.00
98212871.0	-32768.00	-32768.00
98212873.0	-32768.00	-32768.00
98212875.0	-32768.00	-32768.00
98212877.0	-32768.00	-32768.00
98212879.0	-32768.00	-32768.00
98212881.0	-32768.00	-32768.00
98212883.0	-32768.00	-32768.00
98212885.0	-32768.00	-32768.00
98212887.0	-32768.00	-32768.00
98212889.0	-32768.00	-32768.00
98212891.0	-32768.00	-32768.00
98212893.0	-32768.00	-32768.00
98212895.0	-32768.00	-32768.00
98212897.0	-32768.00	-32768.00
98212899.0	-32768.00	-32768.00
98212901.0	-32768.00	-32768.00
98212903.0	-32768.00	-32768.00
98212905.0	-32768.00	-32768.00
98212907.0	-32768.00	-32768.00
98212909.0	-32768.00	-32768.00
98212911.0	-32768.00	-32768.00
98212913.0	-32768.00	-32768.00
98212915.0	-32768.00	-32768.00
98212917.0	-32768.00	-32768.00
98212919.0	-32768.00	-32768.00
98212921.0	-32768.00	-32768.00
98212923.0	-32768.00	-32768.00
98212925.0	3270.00	1661.10
98212927.0	3270.00	1661.10
98212929.0	3270.00	1752.10
98212931.0	3270.00	1774.00
98212933.0	3270.00	1786.60
98212935.0	3270.00	1758.30
98212937.0	3270.00	1725.00
98212939.0	3270.00	1689.50
98212941.0	3270.00	1564.30
98212943.0	3270.00	1554.70
98212945.0	3270.00	1493.10
98212947.0	3270.00	1463.50
98212949.0	3270.00	1398.50
98212951.0	3270.00	1347.70
98212953.0	3270.00	1353.10
98212955.0	3270.00	1329.90
98212957.0	3270.00	1299.00
98212959.0	3270.00	1312.90
98212961.0	3270.00	1331.50
98212963.0	3270.00	1322.10
98212965.0	3270.00	1313.30
98212967.0	3270.00	1293.00
98212969.0	3270.00	1327.30
98212971.0	3270.00	1339.60
98212973.0	3270.00	1357.10
98212975.0	3270.00	1390.30
98212977.0	3270.00	1454.50
98212979.0	3270.00	1506.20
98212981.0	-32768.00	-32768.00
98212983.0	-32768.00	-32768.00
98212985.0	-32768.00	-32768.00
98212987.0	-32768.00	-32768.00
98212989.0	-32768.00	-32768.00
98212991.0	-32768.00	-32768.00
98212993.0	-32768.00	-32768.00
98212995.0	-32768.00	-32768.00
98212997.0	-32768.00	-32768.00
98212999.0	-32768.00	-32768.00
98213001.0	-32768.00	-32768.00
98213003.0	-32768.00	-32768.00
98213005.0	-32768.00	-32768.00
98213007.0	-32768.00	-32768.00
98213009.0	-32768.00	-32768.00
98213011.0	-32768.00	-32768.00
98213013.0	-32768.00	-32768.00
98213015.0	-32768.00	-32768.00
98213017.0	-32768.00	-32768.00
98213019.0	-32768.00	-32768.00
98213021.0	-32768.00	-32768.00
98213023.0	-32768.00	-32768.00
98213025.0	-32768.00	-32768.00
98213027.0	-32768.00	-32768.00
98213029.0	-32768.00	-32768.00
98213031.0	-32768.00	-32768.00
98213033.0	-32768.00	-32768.00
98213035.0	-32768.00	-32768.00
98213037.0	-32768.00	-32768.00
98213039.0	-32768.00	-32768.00
98213041.0	-32768.00	-32768.00
98213043.0	-32768.00	-32768.00
98213045.0	-32768.00	-32768.00
98213047.0	-32768.00	-32768.00
98213049.0	-32768.00	-32768.00
98213051.0	-32768.00	-32768.00
98213053.0	-32768.00	-32768.00
98213055.0	-32768.00	-32768.00
98213057.0	-32768.00	-32768.00
98213059.0	-32768.00	-32768.00
98213061.0	-32768.00	-32768.00
98213063.0	-32768.00	-32768.00
98213065.0	-32768.00	-32768.00
98213067.0	-32768.00	-32768.00
98213069.0	-32768.00	-32768.00
98213071.0	-32768.00	-32768.00
98213073.0	-32768.00	-32768.00
98213075.0	-32768.00	-32768.00
98213077.0	-32768.00	-32768.00
98213079.0	-32768.00	-32768.00
98213081.0	-32768.00	-32768.00
98213083.0	-32768.00	-32768.00
98213085.0	-32768.00	-32768.00
98213087.0	-32768.00	-32768.00
98213089.0	-32768.00	-32768.00
98213091.0	-32768.00	-32768.00
98213093.0	-32768.00	-32768.00
98213095.0	-32768.00	-32768.00
98213097.0	-32768.00	-32768.00
98213099.0	-32768.00	-32768.00
98213101.0	-32768.00	-32768.00
98213103.0	-32768.00	-32768.00
98213105.0	-32768.00	-32768.00
98213107.0	-32768.00	-32768.00
98213109.0	-32768.00	-32768.00
98213111.0	-32768.00	-32768.00
98213113.0	-32768.00	-32768.00
98213115.0	-32768.00	-32768.00
98213117.0	-32768.00	-32768.00
98213119.0	-32768.00	-32768.00
98213121.0	-32768.00	-32768.00
98213123.0	-32768.00	-32768.00
98213125.0	-32768.00	-32768.00
98213127.0	-32768.00	-32768.00
98213129.0	-32768.00	-32768.00
98213131.0	-32768.00	-32768.00
98213133.0	-32768.00	-32768.00
98213135.0	-32768.00	-32768.00
98213137.0	-32768.00	-32768.00
98213139.0	-32768.00	-32768.00
98213141.0	-32768.00	-32768.00
98213143.0	-32768.00	-32768.00
98213145.0	-32768.00	-32768.00
98213147.0	-32768.00	-32768.00
98213149.0	-32768.00	-32768.00
98213151.0	-32768.00	-32768.00
98213153.0	-32768.00	-32768.00
98213155.0	-32768.00	-32768.00
98213157.0	-32768.00	-32768.00
98213159.0	-32768.00	-32768.00
98213161.0	-32768.00	-32768.00
98213163.0	-32768.00	-32768.00
98213165.0	-32768.00	-32768.00
98213167.0	-32768.00	-32768.00
98213169.0	-32768.00	-32768.00
98213171.0	-32768.00	-32768.00
98213173.0	-32768.00	-32768.00
98213175.0	-32768.00	-32768.00
98213177.0	-32768.00	-32768.00
98213179.0	-32768.00	-32768.00
98213181.0	-32768.00	-32768.00
98213183.0	-32768.00	-32768.00
98213185.0	-32768.00	-32768.00
98213187.0	-32768.00	-32768.00
98213189.0	-32768.00	-32768.00
98213191.0	-32768.00	-32768.00
98213193.0	-32768.00	-32768.00
98213195.0	-32768.00	-32768.00
98213197.0	-32768.00	-32768.00
98213199.0	-32768.00	-32768.00
98213201.0	-32768.00	-32768.00
98213203.0	-32768.00	-32768.00
98213205.0	-32768.00	-32768.00
98213207.0	-32768.00	-32768.00
98213209.0	-32768.00	-32768.00
98213211.0	-32768.00	-32768.00
98213213.0	-32768.00	-32768.00
98213215.0	-32768.00	-32768.00
98213217.0	-32768.00	-32768.00
98213219.0	-32768.00	-32768.00
98213221.0	-32768.00	-32768.00
98213223.0	-32768.00	-32768.00
98213225.0	-32768.00	-32768.00
98213227.0	-32768.00	-32768.00
98213229.0	-32768.00	-32768.00
98213231.0	-32768.00	-32768.00
98213233.0	-32768.00	-32768.00
98213235.0	-32768.00	-32768.00
98213237.0	-32768.00	-32768.00
98213239.0	-32768.00	-32768.00
98213241.0	-32768.00	-32768.00
98213243.0	-32768.00	-32768.00
98213245.0	-32768.00	-32768.00
98213247.0	-32768.00	-32768.00
98213249.0	-32768.00	-32768.00
98213251.0	-32768.00	-32768.00
98213253.0	-32768.00	-32768.00
98213255.0	-32768.00	-32768.00
98213257.0	-32768.00	-32768.00
98213259.0	-32768.00	-32768.00
98213261.0	-32768.00	-32768.00
98213263.0	-32768.00	-32768.00
98213265.0	-32768.00	-32768.00
98213267.0	-32768.00	-32768.00
98213269.0	-32768.00	-32768.00
98213271.0	-32768.00	-32768.00
98213273.0	-32768.00	-32768.00
98213275.0	-32768.00	-32768.00
98213277.0	-32768.00	-32768.00
98213279.0	-32768.00	-32768.00
98213281.0	-32768.00	-32768.00
98213283.0	-32768.00	-32768.00
98213285.0	-32768.00	-32768.00
98213287.0	-32768.00	-32768.00
98213289.0	-32768.00	-32768.00
98213291.0	-32768.00	-32768.00
98213293.0	-32768.00	-32768.00
98213295.0	-32768.00	-32768.00
98213297.0	-32768.00	-32768.00
98213299.0	-32768.00	-32768.00
98213301.0	3270.00	1624.00
98213303.0	3270.00	1558.10
98213305.0	3270.00	1500.30
98213307.0	3270.00	1440.40
98213309.0	3270.00	1381.20
98213311.0	3270.00	1319.20
98213313.0	3270.00	1267.30
98213315.0	3270.00	1215.80
98213317.0	3270.00	1175.80
98213319.0	3270.00	1131.80
98213321.0	3270.00	1096.50
98213323.0	3185.20	1072.30
98213325.0	3108.30	1051.10
98213327.0	3044.10	1041.10
98213329.0	2988.90	1027.00
98213331.0	2922.40	1017.90
98213333.0	2870.80	981.50
98213335.0	2800.40	963.50
98213337.0	2761.10	930.10
98213339.0	2703.60	896.30
98213341.0	2670.60	885.20
98213343.0	2654.00	881.20
98213345.0	2636.60	877.20
98213347.0	2599.70	858.80
98213349.0	2560.80	789.80
98213351.0	2507.50	746.50
98213353.0	2449.60	741.60
98213355.0	2393.30	769.50
98213357.0	2342.10	850.10
98213359.0	2306.10	1019.60
98213361.0	2268.20	1192.90
98213363.0	2223.90	1297.80
98213365.0	2195.60	1378.10
98213367.0	2193.80	1592.20
98213369.0	2145.80	1620.00
98213371.0	2088.40	1685.60
98213373.0	2059.50	1838.50
98213375.0	2125.90	2032.70
98213377.0	2126.10	2032.50
98213379.0	-32768.00	-32768.00
98213381.0	-32768.00	-32768.00
98213383.0	-32768.00	-32768.00
98213385.0	-32768.00	-32768.00
98213387.0	-32768.00	-32768.00
98213389.0	-32768.00	-32768.00
98213391.0	-32768.00	-32768.00
98213393.0	-32768.00	-32768.00
98213395.0	-32768.00	-32768.00
98213397.0	-32768.00	-32768.00
98213399.0	-32768.00	-32768.00
98213401.0	-32768.00	-32768.00
98213403.0	-32768.00	-32768.00
98213405.0	-32768.00	-32768.00
98213407.0	-32768.00	-32768.00
98213409.0	-32768.00	-32768.00
98213411.0	-32768.00	-32768.00
98213413.0	-32768.00	-32768.00
98213415.0	-32768.00	-32768.00
98213417.0	-32768.00	-32768.00
98213419.0	-32768.00	-32768.00
98213421.0	-32768.00	-32768.00
98213423.0	-32768.00	-32768.00
98213425.0	-32768.00	-32768.00
98213427.0	-32768.00	-32768.00
98213429.0	-32768.00	-32768.00
98213431.0	-32768.00	-32768.00
98213433.0	-32768.00	-32768.00
98213435.0	-32768.00	-32768.00
98213437.0	-32768.00	-32768.00
98213439.0	-32768.00	-32768.00
98213441.0	-32768.00	-32768.00
98213443.0	-32768.00	-32768.00
98213445.0	-32768.00	-32768.00
98213447.0	-32768.00	-32768.00
98213449.0	-32768.00	-32768.00
98213451.0	-32768.00	-32768.00
98213453.0	-32768.00	-32768.00
98213455.0	-32768.00	-32768.00
98213457.0	-32768.00	-32768.00
98213459.0	-32768.00	-32768.00
98213461.0	-32768.00	-32768.00
98213463.0	-32768.00	-32768.00
98213465.0	-32768.00	-32768.00
98213467.0	-32768.00	-32768.00
98213469.0	-32768.00	-32768.00
98213471.0	-32768.00	-32768.00
98213473.0	-32768.00	-32768.00
98213475.0	-32768.00	-32768.00
98213477.0	-32768.00	-32768.00
98213479.0	-32768.00	-32768.00
98213481.0	-32768.00	-32768.00
98213483.0	-32768.00	-32768.00
98213485.0	-32768.00	-32768.00
98213487.0	-32768.00	-32768.00
98213489.0	-32768.00	-32768.00
98213491.0	-32768.00	-32768.00
98213493.0	916.10	2623.90
98213495.0	916.20	2624.00
98213497.0	837.10	2482.20
98213499.0	762.80	2305.90
98213501.0	1340.50	1977.90
98213503.0	1303.10	1808.60
98213505.0	1158.80	1638.70
98213507.0	977.60	1224.80
98213509.0	963.50	1158.80
98213511.0	931.10	951.50
98213513.0	931.50	938.00
98213515.0	933.50	883.90
98213517.0	941.40	700.70
98213519.0	940.50	700.90
98213521.0	940.90	562.00
98213523.0	933.40	531.90
98213529.0	931.80	506.40
98213531.0	930.70	535.90
98213533.0	931.20	538.80
98213535.0	935.70	538.10
98213537.0	935.70	537.30
98213539.0	938.40	537.40
98213541.0	938.30	538.70
98213543.0	938.30	540.10
98213545.0	937.90	557.10
98213547.0	938.50	557.10
98213549.0	940.20	575.40
98213551.0	946.40	596.00
98213553.0	945.10	620.00
98213555.0	944.70	620.00
98213557.0	944.70	620.30
98213559.0	945.20	645.50
98213561.0	944.60	645.40
98213563.0	944.10	645.30
98213565.0	942.90	664.00
98213567.0	950.00	673.90
98213569.0	950.40	673.70
98213571.0	950.30	673.60
98213573.0	948.30	673.70
98213575.0	947.00	685.80
98213577.0	946.40	685.80
98213579.0	944.70	695.20
98213581.0	945.10	700.30
98213583.0	944.60	708.40
98213585.0	944.70	707.80
98213587.0	949.20	707.90
98213589.0	948.90	710.30
98213591.0	948.80	710.40
98213593.0	947.30	714.60
98213595.0	947.10	718.60
98213597.0	952.50	724.00
98213599.0	952.60	722.60
98213601.0	951.80	721.20
98213603.0	951.10	721.30
98213605.0	950.10	721.30
98213607.0	950.30	713.10
98213609.0	950.10	713.00
98213611.0	950.30	712.90
98213613.0	950.50	709.60
98213615.0	950.30	709.50
98213617.0	950.20	710.80
98213619.0	948.40	722.60
98213621.0	948.40	722.60
98213623.0	950.50	720.20
98213625.0	952.10	721.40
98213627.0	952.30	721.50
98213629.0	952.30	723.10
98213631.0	953.10	723.40
98213633.0	953.10	723.40
98213635.0	950.80	715.00
98213637.0	950.70	718.20
98213639.0	957.50	721.10
98213641.0	957.50	721.10
98213643.0	957.60	720.20
98213645.0	957.60	719.20
98213647.0	955.70	720.90
98213649.0	955.60	720.90
98213651.0	955.20	720.30
98213653.0	954.70	719.80
98213655.0	954.70	719.30
98213657.0	959.60	719.30
98213659.0	959.50	719.20
98213661.0	957.90	714.10
98213663.0	958.00	713.70
98213665.0	957.90	713.60
98213667.0	957.80	714.40
98213669.0	957.70	714.30
98213671.0	955.10	705.50
98213673.0	955.00	705.30
98213675.0	954.20	717.20
98213677.0	953.50	717.00
98213679.0	953.50	713.80
98213681.0	953.60	710.80
98213683.0	953.80	707.80
98213685.0	953.70	705.50
98213687.0	953.70	702.60
98213689.0	952.10	701.60
98213691.0	952.60	698.30
98213693.0	952.90	698.20
98213695.0	952.20	700.90
98213697.0	952.30	700.90
98213699.0	960.40	701.00
98213701.0	960.40	701.10
98213703.0	960.60	698.10
98213705.0	961.90	698.10
98213707.0	961.80	698.60
98213709.0	961.10	699.20
98213711.0	959.80	707.60
98213713.0	959.90	705.70
98213715.0	960.00	703.90
98213717.0	961.20	704.00
98213719.0	961.60	704.40
98213721.0	962.00	704.40
98213723.0	962.20	698.90
98213725.0	958.60	698.80
98213727.0	958.50	699.00
98213729.0	958.70	701.70
98213731.0	958.50	709.50
98213733.0	965.40	717.00
98213735.0	969.50	717.00
98213737.0	989.80	714.60
98213739.0	1021.30	701.80
98213741.0	1074.70	701.30
98213743.0	1135.30	700.70
98213745.0	1186.40	685.40
98213747.0	1247.30	679.80
98213749.0	1289.80	653.20
98213751.0	1329.50	652.60
98213753.0	1376.40	647.30
98213755.0	1415.00	648.70
98213757.0	1451.70	649.90
98213759.0	1502.40	651.80
98213761.0	1545.60	651.30
98213763.0	1584.20	641.80
98213765.0	1615.90	622.70
98213767.0	1655.90	622.40
98213769.0	1675.20	606.20
98213771.0	1683.60	606.00
98213773.0	1683.50	619.20
98213775.0	1680.00	623.90
98213777.0	1670.90	621.40
98213779.0	1657.80	621.60
98213781.0	1655.90	621.60
98213783.0	1655.90	621.90
98213785.0	1659.10	622.20
98213787.0	1662.90	622.20
98213789.0	1669.00	611.40
98213791.0	1678.80	611.90
98213793.0	1680.00	612.30
98213795.0	1680.10	620.00
98213797.0	1678.30	619.90
98213799.0	1674.90	619.90
98213801.0	1673.60	628.60
98213803.0	1666.60	628.60
98213805.0	1666.60	623.50
98213807.0	1667.70	623.60
98213809.0	1668.60	631.80
98213811.0	1668.70	631.90
98213813.0	1668.80	632.60
98213815.0	1670.10	632.90
98213817.0	1670.10	624.50
98213819.0	1672.40	624.60
98213821.0	1672.40	626.00
98213823.0	1672.00	626.00
98213825.0	1672.00	626.10
98213827.0	1672.50	622.20
98213829.0	1672.50	621.10
98213831.0	1670.80	621.10
98213833.0	1670.80	621.30
98213835.0	1671.50	621.50
98213837.0	1671.50	628.20
98213839.0	1665.70	628.30
98213841.0	1665.70	628.30
98213843.0	1668.30	628.30
98213845.0	1670.00	624.00
98213847.0	1677.50	623.90
98213849.0	1677.60	633.50
98213851.0	1677.80	632.30
98213853.0	1677.80	631.40
98213855.0	1672.50	631.30
98213857.0	1669.00	631.30
98213859.0	1669.00	631.30
98213861.0	1673.60	629.50
98213863.0	1673.60	629.40
98213865.0	1672.40	633.90
98213867.0	1672.40	634.50
98213869.0	1672.50	633.40
98213871.0	1669.40	633.30
98213873.0	1669.40	633.20
98213875.0	1674.20	636.60
98213877.0	1674.20	636.40
98213879.0	1672.60	630.20
98213881.0	1671.00	630.10
98213883.0	1669.10	630.90
98213885.0	1669.10	629.70
98213887.0	1669.80	628.40
98213889.0	1669.80	628.90
98213891.0	1668.70	628.80
98213893.0	1666.40	629.30
98213895.0	1666.40	629.80
98213897.0	1666.40	627.10
98213899.0	1666.40	626.90
98213901.0	1667.10	631.40
98213903.0	1667.80	631.40
98213905.0	1672.20	628.10
98213907.0	1672.20	628.00
98213909.0	1668.40	627.90
98213911.0	1668.50	627.90
98213913.0	1668.60	631.60
98213915.0	1668.70	633.90
98213917.0	1671.90	633.80
98213919.0	1675.50	636.00
98213921.0	1675.50	636.00
98213923.0	1669.10	630.00
98213925.0	1669.10	623.50
98213927.0	1669.70	623.60
98213929.0	1670.30	624.00
98213931.0	1672.50	624.20
98213933.0	1676.50	624.10
98213935.0	1693.90	624.00
98213937.0	1745.00	636.40
98213939.0	1792.00	660.20
98213941.0	1855.00	671.90
98213943.0	1920.80	696.30
98213945.0	1979.50	711.60
98213947.0	2044.40	724.50
98213949.0	2093.90	727.80
98213951.0	2136.50	733.70
98213953.0	2198.00	744.90
98213955.0	2244.60	754.20
98213957.0	2297.70	764.50
98213959.0	2361.10	778.70
98213961.0	2412.40	791.70
98213963.0	2469.40	804.50
98213965.0	2530.40	819.70
98213967.0	2591.70	841.80
98213969.0	2647.30	852.70
98213971.0	2701.00	885.00
98213973.0	2767.30	894.40
98213975.0	2817.40	918.90
98213977.0	2889.40	944.10
98213979.0	2939.40	960.60
98213981.0	2997.00	987.70
98213983.0	3072.80	1006.40
98213985.0	3137.00	1042.00
98213987.0	3187.30	1052.90
98213989.0	3252.90	1083.40
98213991.0	3270.00	1113.50
98213993.0	3270.00	1135.20
98213995.0	3270.00	1158.90
98213997.0	3270.00	1185.30
98213999.0	3270.00	1204.30
98214001.0	3270.00	1226.60
98214003.0	3270.00	1247.50
98214005.0	3270.00	1262.00
98214007.0	3270.00	1274.70
98214009.0	3270.00	1310.50
98214011.0	3270.00	1325.90
98214013.0	3270.00	1340.30
98214015.0	3270.00	1364.90
98214017.0	3270.00	1390.40
98214019.0	3270.00	1417.20
98214021.0	3270.00	1438.90
98214023.0	3270.00	1487.70
98214025.0	3270.00	1509.40
98214027.0	3270.00	1543.20
98214029.0	3270.00	1582.30
98214031.0	3270.00	1622.10
98214033.0	-32768.00	-32768.00
98214035.0	-32768.00	-32768.00
98214037.0	-32768.00	-32768.00
98214039.0	-32768.00	-32768.00
98214041.0	-32768.00	-32768.00
98214043.0	-32768.00	-32768.00
98214045.0	-32768.00	-32768.00
98214047.0	-32768.00	-32768.00
98214049.0	-32768.00	-32768.00
98214051.0	-32768.00	-32768.00
98214053.0	-32768.00	-32768.00
98214055.0	-32768.00	-32768.00
98214057.0	-32768.00	-32768.00
98214059.0	-32768.00	-32768.00
98214061.0	-32768.00	-32768.00
98214063.0	-32768.00	-32768.00
98214065.0	-32768.00	-32768.00
98214067.0	-32768.00	-32768.00
98214069.0	-32768.00	-32768.00
98214071.0	-32768.00	-32768.00
98214073.0	-32768.00	-32768.00
98214075.0	-32768.00	-32768.00
98214077.0	-32768.00	-32768.00
98214079.0	-32768.00	-32768.00
98214081.0	-32768.00	-32768.00
98214083.0	-32768.00	-32768.00
98214085.0	-32768.00	-32768.00
98214087.0	-32768.00	-32768.00
98214089.0	-32768.00	-32768.00
98214091.0	-32768.00	-32768.00
98214093.0	-32768.00	-32768.00
98214095.0	-32768.00	-32768.00
98214097.0	-32768.00	-32768.00
98214099.0	-32768.00	-32768.00
98214101.0	-32768.00	-32768.00
98214103.0	-32768.00	-32768.00
98214105.0	-32768.00	-32768.00
98214107.0	-32768.00	-32768.00
98214109.0	-32768.00	-32768.00
98214111.0	-32768.00	-32768.00
98214113.0	-32768.00	-32768.00
98214115.0	-32768.00	-32768.00
98214117.0	-32768.00	-32768.00
98214119.0	-32768.00	-32768.00
98214121.0	-32768.00	-32768.00
98214123.0	-32768.00	-32768.00
98214125.0	-32768.00	-32768.00
98214127.0	-32768.00	-32768.00
98214129.0	-32768.00	-32768.00
98214131.0	-32768.00	-32768.00
98214133.0	-32768.00	-32768.00
98214135.0	-32768.00	-32768.00
98214137.0	-32768.00	-32768.00
98214139.0	-32768.00	-32768.00
98214141.0	-32768.00	-32768.00
98214143.0	-32768.00	-32768.00
98214145.0	-32768.00	-32768.00
98214147.0	-32768.00	-32768.00
98214149.0	-32768.00	-32768.00
98214151.0	-32768.00	-32768.00
98214153.0	-32768.00	-32768.00
98214155.0	-32768.00	-32768.00
98214157.0	-32768.00	-32768.00
98214159.0	-32768.00	-32768.00
98214161.0	-32768.00	-32768.00
98214163.0	-32768.00	-32768.00
98214165.0	-32768.00	-32768.00
98214167.0	-32768.00	-32768.00
98214169.0	-32768.00	-32768.00
98214171.0	-32768.00	-32768.00
98214173.0	-32768.00	-32768.00
98214175.0	-32768.00	-32768.00
98214177.0	-32768.00	-32768.00
98214179.0	-32768.00	-32768.00
98214181.0	-32768.00	-32768.00
98214183.0	-32768.00	-32768.00
98214185.0	-32768.00	-32768.00
98214187.0	-32768.00	-32768.00
98214189.0	-32768.00	-32768.00
98214191.0	-32768.00	-32768.00
98214193.0	-32768.00	-32768.00
98214195.0	-32768.00	-32768.00
98214197.0	-32768.00	-32768.00
98214199.0	-32768.00	-32768.00
98214201.0	-32768.00	-32768.00
98214203.0	-32768.00	-32768.00
98214205.0	-32768.00	-32768.00
98214207.0	-32768.00	-32768.00
98214209.0	-32768.00	-32768.00
98214211.0	-32768.00	-32768.00
98214213.0	-32768.00	-32768.00
98214215.0	-32768.00	-32768.00
98214217.0	-32768.00	-32768.00
98214219.0	-32768.00	-32768.00
98214221.0	-32768.00	-32768.00
98214223.0	-32768.00	-32768.00
98214225.0	-32768.00	-32768.00
98214227.0	-32768.00	-32768.00
98214229.0	-32768.00	-32768.00
98214231.0	-32768.00	-32768.00
98214233.0	-32768.00	-32768.00
98214235.0	-32768.00	-32768.00
98214237.0	-32768.00	-32768.00
98214239.0	-32768.00	-32768.00
98214241.0	-32768.00	-32768.00
98214243.0	-32768.00	-32768.00
98214245.0	-32768.00	-32768.00
98214247.0	-32768.00	-32768.00
98214249.0	-32768.00	-32768.00
98214251.0	-32768.00	-32768.00
98214253.0	-32768.00	-32768.00
98214255.0	-32768.00	-32768.00
98214257.0	-32768.00	-32768.00
98214259.0	-32768.00	-32768.00
98214261.0	-32768.00	-32768.00
98214263.0	-32768.00	-32768.00
98214265.0	-32768.00	-32768.00
98214267.0	-32768.00	-32768.00
98214269.0	-32768.00	-32768.00
98214271.0	-32768.00	-32768.00
98214273.0	-32768.00	-32768.00
98214275.0	-32768.00	-32768.00
98214277.0	-32768.00	-32768.00
98214279.0	-32768.00	-32768.00
98214281.0	-32768.00	-32768.00
98214283.0	-32768.00	-32768.00
98214285.0	-32768.00	-32768.00
98214287.0	-32768.00	-32768.00
98214289.0	-32768.00	-32768.00
98214291.0	-32768.00	-32768.00
98214293.0	-32768.00	-32768.00
98214295.0	-32768.00	-32768.00
98214297.0	-32768.00	-32768.00
98214299.0	-32768.00	-32768.00
98214301.0	-32768.00	-32768.00
98214303.0	-32768.00	-32768.00
98214305.0	-32768.00	-32768.00
98214307.0	-32768.00	-32768.00
98214309.0	-32768.00	-32768.00
98214311.0	-32768.00	-32768.00
98214313.0	-32768.00	-32768.00
98214315.0	-32768.00	-32768.00
98214317.0	-32768.00	-32768.00
98214319.0	-32768.00	-32768.00
98214321.0	-32768.00	-32768.00
98214323.0	-32768.00	-32768.00
98214325.0	-32768.00	-32768.00
98214327.0	-32768.00	-32768.00
98214329.0	-32768.00	-32768.00
98214331.0	-32768.00	-32768.00
98214333.0	-32768.00	-32768.00
98214335.0	-32768.00	-32768.00
98214337.0	-32768.00	-32768.00
98214339.0	-32768.00	-32768.00
98214341.0	-32768.00	-32768.00
98214343.0	-32768.00	-32768.00
98214345.0	-32768.00	-32768.00
98214347.0	-32768.00	-32768.00
98214349.0	-32768.00	-32768.00
98214351.0	-32768.00	-32768.00
98214353.0	-32768.00	-32768.00
98214355.0	-32768.00	-32768.00
98214357.0	-32768.00	-32768.00
98214359.0	-32768.00	-32768.00
98214361.0	-32768.00	-32768.00
98214363.0	-32768.00	-32768.00
98214365.0	-32768.00	-32768.00
98214367.0	-32768.00	-32768.00
98214369.0	-32768.00	-32768.00
98214371.0	-32768.00	-32768.00
98214373.0	-32768.00	-32768.00
98214375.0	-32768.00	-32768.00
98214377.0	-32768.00	-32768.00
98214379.0	-32768.00	-32768.00
98214381.0	-32768.00	-32768.00
98214383.0	-32768.00	-32768.00
98214385.0	-32768.00	-32768.00
98214387.0	-32768.00	-32768.00
98214389.0	-32768.00	-32768.00
98214391.0	-32768.00	-32768.00
98214393.0	-32768.00	-32768.00
98214395.0	-32768.00	-32768.00
98214397.0	-32768.00	-32768.00
98214399.0	-32768.00	-32768.00
98214401.0	-32768.00	-32768.00
98214403.0	-32768.00	-32768.00
98214405.0	-32768.00	-32768.00
98214407.0	-32768.00	-32768.00
98214409.0	-32768.00	-32768.00
98214411.0	-32768.00	-32768.00
98214413.0	-32768.00	-32768.00
98214415.0	-32768.00	-32768.00
98214417.0	-32768.00	-32768.00
98214419.0	-32768.00	-32768.00
98214421.0	-32768.00	-32768.00
98214423.0	-32768.00	-32768.00
98214425.0	-32768.00	-32768.00
98214427.0	-32768.00	-32768.00
98214429.0	-32768.00	-32768.00
98214431.0	-32768.00	-32768.00
98214433.0	-32768.00	-32768.00
98214435.0	-32768.00	-32768.00
98214437.0	-32768.00	-32768.00
98214439.0	-32768.00	-32768.00
98214441.0	-32768.00	-32768.00
98214443.0	-32768.00	-32768.00
98214445.0	-32768.00	-32768.00
98214447.0	-32768.00	-32768.00
98214449.0	-32768.00	-32768.00
98214451.0	-32768.00	-32768.00
98214453.0	-32768.00	-32768.00
98214455.0	-32768.00	-32768.00
98214457.0	-32768.00	-32768.00
98214459.0	-32768.00	-32768.00
98214461.0	-32768.00	-32768.00
98214463.0	-32768.00	-32768.00
98214465.0	-32768.00	-32768.00
98214467.0	-32768.00	-32768.00
98214469.0	-32768.00	-32768.00
98214471.0	-32768.00	-32768.00
98214473.0	-32768.00	-32768.00
98214475.0	-32768.00	-32768.00
98214477.0	-32768.00	-32768.00
98214479.0	-32768.00	-32768.00
98214481.0	-32768.00	-32768.00
98214483.0	-32768.00	-32768.00
98214485.0	-32768.00	-32768.00
98214487.0	-32768.00	-32768.00
98214489.0	-32768.00	-32768.00
98214491.0	-32768.00	-32768.00
98214493.0	-32768.00	-32768.00
98214495.0	-32768.00	-32768.00
98214497.0	-32768.00	-32768.00
98214499.0	-32768.00	-32768.00
98214501.0	-32768.00	-32768.00
98214503.0	-32768.00	-32768.00
98214505.0	-32768.00	-32768.00
98214507.0	-32768.00	-32768.00
98214509.0	-32768.00	-32768.00
98214511.0	-32768.00	-32768.00
98214513.0	-32768.00	-32768.00
98214515.0	-32768.00	-32768.00
98214517.0	-32768.00	-32768.00
98214519.0	-32768.00	-32768.00
98214521.0	-32768.00	-32768.00
98214523.0	-32768.00	-32768.00
98214525.0	-32768.00	-32768.00
98214527.0	-32768.00	-32768.00
98214529.0	-32768.00	-32768.00
98214531.0	-32768.00	-32768.00
98214533.0	-32768.00	-32768.00
98214535.0	-32768.00	-32768.00
98214537.0	-32768.00	-32768.00
98214539.0	-32768.00	-32768.00
98214541.0	-32768.00	-32768.00
98214543.0	-32768.00	-32768.00
98214545.0	-32768.00	-32768.00
98214547.0	-32768.00	-32768.00
98214549.0	-32768.00	-32768.00
98214551.0	-32768.00	-32768.00
98214553.0	-32768.00	-32768.00
98214555.0	-32768.00	-32768.00
98214557.0	-32768.00	-32768.00
98214559.0	-32768.00	-32768.00
98214561.0	-32768.00	-32768.00
98214563.0	-32768.00	-32768.00
98214565.0	-32768.00	-32768.00
98214567.0	-32768.00	-32768.00
98214569.0	-32768.00	-32768.00
98214571.0	-32768.00	-32768.00
98214573.0	-32768.00	-32768.00
98214575.0	-32768.00	-32768.00
98214577.0	-32768.00	-32768.00
98214579.0	-32768.00	-32768.00
98214581.0	-32768.00	-32768.00
98214583.0	-32768.00	-32768.00
98214585.0	-32768.00	-32768.00
98214587.0	-32768.00	-32768.00
98214589.0	-32768.00	-32768.00
98214591.0	-32768.00	-32768.00
98214593.0	-32768.00	-32768.00
98214595.0	-32768.00	-32768.00
98214597.0	-32768.00	-32768.00
98214599.0	-32768.00	-32768.00
98214601.0	-32768.00	-32768.00
98214603.0	-32768.00	-32768.00
98214605.0	-32768.00	-32768.00
98214607.0	-32768.00	-32768.00
98214609.0	-32768.00	-32768.00
98214611.0	-32768.00	-32768.00
98214613.0	-32768.00	-32768.00
98214615.0	-32768.00	-32768.00
98214617.0	-32768.00	-32768.00
98214619.0	-32768.00	-32768.00
98214621.0	-32768.00	-32768.00
98214623.0	-32768.00	-32768.00
98214625.0	-32768.00	-32768.00
98214627.0	-32768.00	-32768.00
98214629.0	-32768.00	-32768.00
98214631.0	-32768.00	-32768.00
98214633.0	-32768.00	-32768.00
98214635.0	-32768.00	-32768.00
98214637.0	-32768.00	-32768.00
98214639.0	-32768.00	-32768.00
98214641.0	-32768.00	-32768.00
98214643.0	-32768.00	-32768.00
98214645.0	-32768.00	-32768.00
98214647.0	-32768.00	-32768.00
98214649.0	-32768.00	-32768.00
98214651.0	-32768.00	-32768.00
98214653.0	-32768.00	-32768.00
98214655.0	-32768.00	-32768.00
98214657.0	-32768.00	-32768.00
98214659.0	-32768.00	-32768.00
98214661.0	-32768.00	-32768.00
98214663.0	-32768.00	-32768.00
98214665.0	-32768.00	-32768.00
98214667.0	-32768.00	-32768.00
98214669.0	-32768.00	-32768.00
98214671.0	-32768.00	-32768.00
98214673.0	-32768.00	-32768.00
98214675.0	-32768.00	-32768.00
98214677.0	-32768.00	-32768.00
98214679.0	-32768.00	-32768.00
98214681.0	-32768.00	-32768.00
98214683.0	-32768.00	-32768.00
98214685.0	-32768.00	-32768.00
98214687.0	-32768.00	-32768.00
98214689.0	-32768.00	-32768.00
98214691.0	-32768.00	-32768.00
98214693.0	-32768.00	-32768.00
98214695.0	-32768.00	-32768.00
98214697.0	-32768.00	-32768.00
98214699.0	-32768.00	-32768.00
98214701.0	-32768.00	-32768.00
98214703.0	-32768.00	-32768.00
98214705.0	-32768.00	-32768.00
98214707.0	-32768.00	-32768.00
98214709.0	-32768.00	-32768.00
98214711.0	-32768.00	-32768.00
98214713.0	-32768.00	-32768.00
98214715.0	-32768.00	-32768.00
98214717.0	-32768.00	-32768.00
98214719.0	-32768.00	-32768.00
98214721.0	-32768.00	-32768.00
98214723.0	-32768.00	-32768.00
98214725.0	-32768.00	-32768.00
98214727.0	-32768.00	-32768.00
98214729.0	-32768.00	-32768.00
98214731.0	-32768.00	-32768.00
98214733.0	-32768.00	-32768.00
98214735.0	-32768.00	-32768.00
98214737.0	-32768.00	-32768.00
98214739.0	-32768.00	-32768.00
98214741.0	-32768.00	-32768.00
98214743.0	-32768.00	-32768.00
98214745.0	-32768.00	-32768.00
98214747.0	-32768.00	-32768.00
98214749.0	-32768.00	-32768.00
98214751.0	-32768.00	-32768.00
98214753.0	-32768.00	-32768.00
98214755.0	-32768.00	-32768.00
98214757.0	-32768.00	-32768.00
98214759.0	-32768.00	-32768.00
98214761.0	-32768.00	-32768.00
98214763.0	-32768.00	-32768.00
98214765.0	-32768.00	-32768.00
98214767.0	-32768.00	-32768.00
98214769.0	-32768.00	-32768.00
98214771.0	-32768.00	-32768.00
98214773.0	-32768.00	-32768.00
98214775.0	-32768.00	-32768.00
98214777.0	-32768.00	-32768.00
98214779.0	-32768.00	-32768.00
98214781.0	-32768.00	-32768.00
98214783.0	-32768.00	-32768.00
98214785.0	-32768.00	-32768.00
98214787.0	-32768.00	-32768.00
98214789.0	-32768.00	-32768.00
98214791.0	-32768.00	-32768.00
98214793.0	-32768.00	-32768.00
98214795.0	-32768.00	-32768.00
98214797.0	-32768.00	-32768.00
98214799.0	-32768.00	-32768.00
98214801.0	-32768.00	-32768.00
98214803.0	-32768.00	-32768.00
98214805.0	-32768.00	-32768.00
98214807.0	-32768.00	-32768.00
98214809.0	-32768.00	-32768.00
98214811.0	-32768.00	-32768.00
98214813.0	-32768.00	-32768.00
98214815.0	-32768.00	-32768.00
98214817.0	-32768.00	-32768.00
98214819.0	-32768.00	-32768.00
98214821.0	-32768.00	-32768.00
98214823.0	-32768.00	-32768.00
98214825.0	-32768.00	-32768.00
98214827.0	-32768.00	-32768.00
98214829.0	-32768.00	-32768.00
98214831.0	-32768.00	-32768.00
98214833.0	-32768.00	-32768.00
98214835.0	-32768.00	-32768.00
98214837.0	-32768.00	-32768.00
98214839.0	-32768.00	-32768.00
98214841.0	-32768.00	-32768.00
98214843.0	-32768.00	-32768.00
98214845.0	-32768.00	-32768.00
98214847.0	-32768.00	-32768.00
98214849.0	-32768.00	-32768.00
98214851.0	-32768.00	-32768.00
98214853.0	-32768.00	-32768.00
98214855.0	-32768.00	-32768.00
98214857.0	-32768.00	-32768.00
98214859.0	-32768.00	-32768.00
98214861.0	-32768.00	-32768.00
98214863.0	-32768.00	-32768.00
98214865.0	-32768.00	-32768.00
98214867.0	-32768.00	-32768.00
98214869.0	-32768.00	-32768.00
98214871.0	-32768.00	-32768.00
98214873.0	-32768.00	-32768.00
98214875.0	-32768.00	-32768.00
98214877.0	-32768.00	-32768.00
98214879.0	-32768.00	-32768.00
98214881.0	-32768.00	-32768.00
98214883.0	-32768.00	-32768.00
98214885.0	-32768.00	-32768.00
98214887.0	-32768.00	-32768.00
98214889.0	-32768.00	-32768.00
98214891.0	-32768.00	-32768.00
98214893.0	-32768.00	-32768.00
98214895.0	-32768.00	-32768.00
98214897.0	-32768.00	-32768.00
98214899.0	-32768.00	-32768.00
98214901.0	-32768.00	-32768.00
98214903.0	-32768.00	-32768.00
98214905.0	-32768.00	-32768.00
98214907.0	-32768.00	-32768.00
98214909.0	-32768.00	-32768.00
98214911.0	-32768.00	-32768.00
98214913.0	-32768.00	-32768.00
98214915.0	-32768.00	-32768.00
98214917.0	-32768.00	-32768.00
98214919.0	-32768.00	-32768.00
98214921.0	-32768.00	-32768.00
98214923.0	-32768.00	-32768.00
98214925.0	3270.00	1159.60
98214927.0	3270.00	1222.40
98214929.0	3270.00	1270.00
98214931.0	3270.00	1520.90
98214933.0	3270.00	1626.50
98214935.0	3270.00	1666.20
98214937.0	3270.00	1776.40
98214939.0	3270.00	1840.60
98214941.0	3270.00	1856.90
98214943.0	3270.00	1841.60
98214945.0	3270.00	1739.30
98214947.0	3270.00	1739.10
98214949.0	-32768.00	-32768.00
98214951.0	-32768.00	-32768.00
98214953.0	-32768.00	-32768.00
98214955.0	-32768.00	-32768.00
98214957.0	-32768.00	-32768.00
98214959.0	-32768.00	-32768.00
98214961.0	-32768.00	-32768.00
98214963.0	-32768.00	-32768.00
98214965.0	-32768.00	-32768.00
98214967.0	-32768.00	-32768.00
98214969.0	-32768.00	-32768.00
98214971.0	-32768.00	-32768.00
98214973.0	-32768.00	-32768.00
98214975.0	-32768.00	-32768.00
98214977.0	-32768.00	-32768.00
98214979.0	-32768.00	-32768.00
98214981.0	-32768.00	-32768.00
98214983.0	-32768.00	-32768.00
98214985.0	-32768.00	-32768.00
98214987.0	-32768.00	-32768.00
98214989.0	-32768.00	-32768.00
98214991.0	-32768.00	-32768.00
98214993.0	-32768.00	-32768.00
98214995.0	-32768.00	-32768.00
98214997.0	-32768.00	-32768.00
98214999.0	-32768.00	-32768.00
98215001.0	-32768.00	-32768.00
98215003.0	-32768.00	-32768.00
98215005.0	-32768.00	-32768.00
98215007.0	-32768.00	-32768.00
98215009.0	-32768.00	-32768.00
98215011.0	-32768.00	-32768.00
98215013.0	-32768.00	-32768.00
98215015.0	-32768.00	-32768.00
98215017.0	-32768.00	-32768.00
98215019.0	-32768.00	-32768.00
98215021.0	-32768.00	-32768.00
98215023.0	-32768.00	-32768.00
98215025.0	-32768.00	-32768.00
98215027.0	-32768.00	-32768.00
98215029.0	-32768.00	-32768.00
98215031.0	-32768.00	-32768.00
98215033.0	-32768.00	-32768.00
98215035.0	-32768.00	-32768.00
98215037.0	-32768.00	-32768.00
98215039.0	-32768.00	-32768.00
98215041.0	-32768.00	-32768.00
98215043.0	-32768.00	-32768.00
98215045.0	-32768.00	-32768.00
98215047.0	-32768.00	-32768.00
98215049.0	-32768.00	-32768.00
98215051.0	-32768.00	-32768.00
98215053.0	-32768.00	-32768.00
98215055.0	-32768.00	-32768.00
98215057.0	-32768.00	-32768.00
98215059.0	-32768.00	-32768.00
98215061.0	-32768.00	-32768.00
98215063.0	-32768.00	-32768.00
98215065.0	-32768.00	-32768.00
98215067.0	-32768.00	-32768.00
98215069.0	-32768.00	-32768.00
98215071.0	-32768.00	-32768.00
98215073.0	-32768.00	-32768.00
98215075.0	-32768.00	-32768.00
98215077.0	-32768.00	-32768.00
98215079.0	-32768.00	-32768.00
98215081.0	-32768.00	-32768.00
98215083.0	-32768.00	-32768.00
98215085.0	-32768.00	-32768.00
98215087.0	-32768.00	-32768.00
98215089.0	-32768.00	-32768.00
98215091.0	-32768.00	-32768.00
98215093.0	-32768.00	-32768.00
98215095.0	-32768.00	-32768.00
98215097.0	-32768.00	-32768.00
98215099.0	-32768.00	-32768.00
98215101.0	-32768.00	-32768.00
98215103.0	-32768.00	-32768.00
98215105.0	-32768.00	-32768.00
98215107.0	-32768.00	-32768.00
98215109.0	-32768.00	-32768.00
98215111.0	-32768.00	-32768.00
98215113.0	1780.70	2397.30
98215115.0	1780.70	2397.30
98215117.0	1685.20	2360.70
98215119.0	1577.80	2233.50
98215121.0	1541.40	2202.80
98215123.0	1478.50	2059.40
98215125.0	1456.40	1996.00
98215127.0	1436.10	1922.60
98215129.0	1442.20	1921.10
98215131.0	1412.40	1741.80
98215133.0	1401.30	1608.70
98215135.0	1398.80	1584.90
98215137.0	1387.00	1527.10
98215139.0	1359.30	1393.70
98215141.0	1346.30	1329.50
98215143.0	1322.20	1208.80
98215145.0	1322.00	1187.60
98215147.0	1322.50	1115.60
98215149.0	1322.60	1083.50
98215151.0	1321.60	1022.60
98215153.0	1322.00	908.30
98215155.0	1321.50	872.30
98215157.0	1319.40	818.90
98215159.0	1312.90	819.20
98215161.0	1313.50	798.30
98215163.0	1304.40	759.30
98215165.0	1305.80	759.30
98215167.0	1306.70	728.30
98215169.0	1306.60	706.50
98215171.0	1305.80	706.50
98215173.0	1296.80	620.20
98215175.0	1296.80	620.30
98215177.0	1296.20	618.50
98215179.0	1296.30	618.50
98215181.0	1297.40	644.00
98215183.0	1302.10	644.00
98215185.0	1302.10	644.00
98215187.0	1298.30	661.70
98215189.0	1298.00	674.30
98215191.0	1298.10	674.30
98215193.0	1297.20	667.60
98215195.0	1297.20	668.80
98215197.0	1297.60	670.00
98215199.0	1297.50	689.70
98215201.0	1297.50	689.70
98215203.0	1305.10	689.60
98215205.0	1304.90	689.60
98215207.0	1304.70	689.70
98215209.0	1300.30	698.80
98215211.0	1300.30	699.70
98215213.0	1302.80	705.00
98215215.0	1307.00	709.00
98215217.0	1306.80	717.60
98215219.0	1305.00	725.20
98215221.0	1304.80	732.80
98215223.0	1304.20	732.80
98215225.0	1304.20	732.80
98215227.0	1304.40	739.30
98215229.0	1304.00	752.80
98215231.0	1304.00	753.70
98215233.0	1304.60	754.70
98215235.0	1305.10	759.90
98215237.0	1307.20	785.10
98215239.0	1307.20	785.20
98215241.0	1307.30	786.90
98215243.0	1307.40	786.90
98215245.0	1307.40	786.80
98215247.0	1307.10	799.00
98215249.0	1306.70	806.70
98215251.0	1306.70	808.20
98215253.0	1310.60	813.00
98215255.0	1310.70	810.20
98215257.0	1310.50	810.30
98215259.0	1310.20	812.20
98215261.0	1309.80	814.30
98215263.0	1309.30	815.00
98215265.0	1309.40	815.80
98215267.0	1310.30	825.40
98215269.0	1310.40	824.20
98215271.0	1308.70	823.30
98215273.0	1308.70	823.30
98215275.0	1313.30	823.20
98215277.0	1313.00	836.00
98215279.0	1313.60	835.70
98215281.0	1313.60	835.40
98215283.0	1315.00	828.00
98215285.0	1315.00	828.00
98215287.0	1312.80	831.20
98215289.0	1312.90	829.90
98215291.0	1311.80	830.00
98215293.0	1310.50	837.50
98215295.0	1310.50	837.40
98215297.0	1312.50	838.30
98215299.0	1312.50	838.20
98215301.0	1311.70	838.50
98215303.0	1311.00	838.50
98215305.0	1310.70	840.10
98215307.0	1310.40	840.10
98215309.0	1310.10	837.70
98215311.0	1310.00	840.70
98215313.0	1310.20	840.70
98215315.0	1310.50	836.60
98215317.0	1315.20	836.40
98215319.0	1315.10	841.20
98215321.0	1316.40	841.20
98215323.0	1316.50	840.60
98215325.0	1317.40	839.90
98215327.0	1318.30	839.90
98215329.0	1318.20	842.90
98215331.0	1314.40	843.00
98215333.0	1314.40	842.90
98215335.0	1315.70	842.70
98215337.0	1315.80	837.20
98215339.0	1315.80	837.10
98215341.0	1308.40	841.20
98215343.0	1308.50	839.80
98215345.0	1311.20	839.70
98215347.0	1313.80	848.00
98215349.0	1313.80	848.00
98215351.0	1313.80	845.10
98215353.0	1314.60	844.90
98215355.0	1314.70	843.60
98215357.0	1317.20	842.20
98215359.0	1317.20	842.70
98215361.0	1316.40	842.70
98215363.0	1316.40	841.90
98215365.0	1316.50	836.60
98215367.0	1316.60	833.20
98215369.0	1317.50	833.10
98215371.0	1317.40	839.10
98215373.0	1317.40	839.10
98215375.0	1317.50	835.20
98215377.0	1316.90	838.80
98215379.0	1316.90	838.90
98215381.0	1316.90	841.10
98215383.0	1317.80	843.30
98215385.0	1318.90	843.20
98215387.0	1318.90	842.20
98215389.0	1316.60	841.20
98215391.0	1316.50	842.10
98215393.0	1312.00	842.20
98215395.0	1312.00	840.50
98215397.0	1312.20	833.30
98215399.0	1316.60	833.10
98215401.0	1316.30	842.90
98215403.0	1310.30	843.10
98215405.0	1310.30	843.00
98215407.0	1315.50	842.70
98215409.0	1315.60	842.70
98215411.0	1312.40	838.00
98215413.0	1312.20	839.30
98215415.0	1312.20	840.50
98215417.0	1314.90	836.80
98215419.0	1314.90	836.80
98215421.0	1315.30	845.10
98215423.0	1315.50	845.10
98215425.0	1315.50	845.10
98215427.0	1318.60	844.80
98215429.0	1318.60	844.80
98215431.0	1319.60	842.90
98215433.0	1319.60	842.80
98215435.0	1319.90	847.00
98215437.0	1319.90	847.00
98215439.0	1319.70	844.70
98215441.0	1319.40	842.40
98215443.0	1316.70	842.50
98215445.0	1315.30	842.60
98215447.0	1313.90	837.60
98215449.0	1313.90	837.70
98215451.0	1314.20	841.00
98215453.0	1314.10	841.00
98215455.0	1314.00	840.90
98215457.0	1314.10	840.80
98215459.0	1314.20	840.90
98215461.0	1314.40	839.20
98215463.0	1312.80	837.50
98215465.0	1312.80	837.50
98215467.0	1319.50	837.80
98215469.0	1319.50	838.20
98215471.0	1319.50	844.60
98215473.0	1319.50	844.60
98215475.0	1318.60	840.40
98215477.0	1314.30	841.60
98215479.0	1314.30	841.40
98215481.0	1317.60	840.90
98215483.0	1317.60	839.10
98215485.0	1317.60	839.00
98215487.0	1318.20	842.40
98215489.0	1318.90	840.90
98215491.0	1319.90	840.90
98215493.0	1319.90	842.40
98215495.0	1317.40	841.10
98215497.0	1317.40	841.10
98215499.0	1321.70	837.50
98215501.0	1321.70	837.50
98215503.0	1320.60	841.70
98215505.0	1320.90	841.70
98215507.0	1320.90	841.70
98215509.0	1318.10	845.50
98215511.0	1318.10	845.70
98215513.0	1318.80	848.20
98215515.0	1318.10	848.30
98215517.0	1318.10	849.40
98215519.0	1318.70	849.50
98215521.0	1318.80	847.80
98215523.0	1319.50	846.10
98215525.0	1319.50	845.80
98215527.0	1313.80	845.60
98215529.0	1313.90	839.30
98215531.0	1311.90	839.40
98215533.0	1309.80	841.80
98215535.0	1309.80	840.90
98215537.0	1314.70	839.80
98215539.0	1315.80	839.80
98215541.0	1315.90	838.60
98215543.0	1315.90	837.40
98215545.0	1317.20	837.30
98215547.0	1317.10	838.80
98215549.0	1316.10	840.30
98215551.0	1316.00	840.80
98215553.0	1316.00	841.30
98215555.0	1315.90	841.60
98215557.0	1315.90	841.80
98215559.0	1314.60	841.80
98215561.0	1313.00	852.80
98215563.0	1313.50	851.10
98215565.0	1313.50	849.30
98215567.0	1311.60	849.40
98215569.0	1311.50	854.30
98215571.0	1312.20	854.30
98215573.0	1313.00	852.60
98215575.0	1315.60	850.90
98215577.0	1315.80	844.70
98215579.0	1317.00	844.70
98215581.0	1318.20	848.20
98215583.0	1318.20	848.20
98215585.0	1313.30	846.70
98215587.0	1313.30	846.70
98215589.0	1312.90	843.30
98215591.0	1312.90	843.30
98215593.0	1314.20	849.70
98215595.0	1314.20	849.70
98215597.0	1315.00	850.30
98215599.0	1317.20	850.80
98215601.0	1316.10	852.50
98215603.0	1316.00	854.20
98215605.0	1316.00	854.30
98215607.0	1316.50	848.30
98215609.0	1316.50	849.30
98215611.0	1315.60	850.40
98215613.0	1314.70	849.60
98215615.0	1314.70	848.70
98215617.0	1314.70	848.70
98215619.0	1314.70	847.90
98215621.0	1316.30	847.80
98215623.0	1317.70	849.80
98215625.0	1317.70	849.80
98215627.0	1315.20	851.10
98215629.0	1315.30	855.90
98215631.0	1315.30	855.90
98215633.0	1315.30	855.90
98215635.0	1315.30	855.90
98215637.0	1315.20	859.10
98215639.0	1315.10	859.10
98215641.0	1315.00	855.90
98215643.0	1315.00	853.80
98215645.0	1315.30	853.80
98215647.0	1315.40	848.60
98215649.0	1316.00	848.50
98215651.0	1315.80	859.50
98215653.0	1317.10	859.50
98215655.0	1317.10	860.40
98215657.0	1317.10	859.90
98215659.0	1317.10	859.50
98215661.0	1315.60	856.10
98215663.0	1315.60	856.10
98215665.0	1315.40	860.80
98215667.0	1316.30	860.70
98215669.0	1316.50	853.40
98215671.0	1315.50	854.00
98215673.0	1315.50	854.50
98215675.0	1314.00	852.60
98215677.0	1312.40	852.60
98215679.0	1311.80	852.60
98215681.0	1311.80	852.60
98215683.0	1315.00	856.70
98215685.0	1315.00	856.70
98215687.0	1315.30	857.50
98215689.0	1315.30	857.50
98215691.0	1313.70	854.90
98215693.0	1313.70	854.80
98215695.0	1312.70	855.50
98215697.0	1311.60	856.10
98215699.0	1311.60	856.10
98215701.0	1311.60	853.50
98215703.0	1311.40	853.50
98215705.0	1311.40	854.00
98215707.0	1311.40	854.00
98215709.0	1311.40	854.00
98215711.0	1311.20	854.60
98215713.0	1311.20	855.20
98215715.0	1311.30	856.50
98215717.0	1311.30	856.50
98215719.0	1310.50	857.10
98215721.0	1310.50	857.70
98215723.0	1311.40	858.00
98215725.0	1313.20	858.00
98215727.0	1313.20	857.90
98215729.0	1312.50	858.40
98215731.0	1312.50	858.90
98215733.0	1313.30	856.40
98215735.0	1313.20	857.20
98215737.0	1314.80	857.20
98215739.0	1314.90	854.30
98215741.0	1314.90	854.20
98215743.0	1317.40	856.50
98215745.0	1317.20	858.30
98215747.0	1317.00	865.10
98215749.0	1315.90	865.50
98215751.0	1314.90	865.50
98215753.0	1314.90	864.40
98215755.0	1313.70	864.40
98215757.0	1312.50	862.80
98215759.0	1311.60	862.90
98215761.0	1311.50	866.60
98215763.0	1311.20	867.90
98215765.0	1311.20	867.90
98215767.0	1311.90	862.40
98215769.0	1313.20	862.30
98215771.0	1313.40	864.80
98215773.0	1317.10	864.70
98215775.0	1317.10	863.00
98215777.0	1316.90	863.00
98215779.0	1316.60	865.00
98215781.0	1314.20	867.10
98215783.0	1313.70	867.10
98215785.0	1313.20	867.80
98215787.0	1313.20	868.50
98215789.0	1313.20	868.50
98215791.0	1310.40	868.50
98215793.0	1310.40	868.50
98215795.0	1312.30	875.40
98215797.0	1312.30	875.40
98215799.0	1311.10	868.30
98215801.0	1311.00	866.80
98215803.0	1310.30	865.20
98215805.0	1312.10	865.20
98215807.0	1312.00	868.60
98215809.0	1308.20	868.70
98215811.0	1307.10	861.30
98215813.0	1307.10	860.60
98215815.0	1307.10	860.70
98215817.0	1308.60	860.70
98215819.0	1308.60	862.20
98215821.0	1304.50	863.80
98215823.0	1304.50	863.80
98215825.0	1304.80	863.70
98215827.0	1304.90	873.50
98215829.0	1308.40	873.40
98215831.0	1313.20	861.20
98215833.0	1313.30	861.20
98215835.0	1313.20	867.50
98215837.0	1308.20	870.00
98215839.0	1308.20	869.80
98215841.0	1308.80	866.90
98215843.0	1308.80	866.90
98215845.0	1306.20	868.10
98215847.0	1303.50	869.20
98215849.0	1303.50	870.00
98215851.0	1307.00	869.80
98215853.0	1306.90	870.80
98215855.0	1309.80	871.70
98215857.0	1309.80	870.70
98215859.0	1309.70	869.80
98215861.0	1309.50	869.80
98215863.0	1309.10	869.00
98215865.0	1308.70	868.30
98215867.0	1307.40	868.90
98215869.0	1307.80	868.90
98215871.0	1307.80	869.30
98215873.0	1304.00	869.90
98215875.0	1304.10	869.90
98215877.0	1304.20	864.20
98215879.0	1311.70	864.00
98215881.0	1311.70	867.90
98215883.0	1311.00	868.20
98215885.0	1303.30	868.40
98215887.0	1303.20	870.60
98215889.0	1312.20	872.30
98215891.0	1312.20	872.30
98215893.0	1308.60	872.40
98215895.0	1308.60	872.40
98215897.0	1308.60	872.40
98215899.0	1308.20	874.00
98215901.0	1308.20	875.60
98215903.0	1307.80	875.60
98215905.0	1307.90	870.60
98215907.0	1308.20	870.50
98215909.0	1308.10	873.40
98215911.0	1307.30	876.30
98215913.0	1306.40	876.30
98215915.0	1306.90	880.50
98215917.0	1307.00	879.60
98215919.0	1307.00	878.60
98215921.0	1307.10	873.20
98215923.0	1307.10	871.20
98215925.0	1305.80	871.10
98215927.0	1306.20	871.00
98215929.0	1306.60	868.60
98215931.0	1306.60	868.50
98215933.0	1304.00	868.20
98215935.0	1299.00	868.00
98215937.0	1299.00	868.00
98215939.0	1304.50	878.00
98215941.0	1304.30	878.30
98215943.0	1304.20	878.20
98215945.0	1303.30	874.60
98215947.0	1302.50	871.00
98215949.0	1302.10	871.10
98215951.0	1301.70	870.90
98215953.0	1301.70	870.90
98215955.0	1308.70	870.70
98215957.0	1308.70	870.70
98215959.0	1305.10	870.40
98215961.0	1302.60	870.60
98215963.0	1302.60	869.00
98215965.0	1303.30	869.00
98215967.0	1303.80	879.90
98215969.0	1303.80	879.90
98215971.0	1304.90	863.60
98215973.0	1304.80	863.60
98215975.0	1304.60	870.10
98215977.0	1304.50	873.00
98215979.0	1304.70	873.00
98215981.0	1304.70	873.00
98215983.0	1303.70	875.90
98215985.0	1305.50	876.00
98215987.0	1305.50	876.00
98215989.0	1302.40	867.30
98215991.0	1302.40	867.30
98215993.0	1310.40	871.90
98215995.0	1310.30	877.00
98215997.0	1304.90	877.20
98215999.0	1304.90	875.70
98216001.0	1304.80	874.20
98216003.0	1303.90	874.20
98216005.0	1303.90	874.30
98216007.0	1302.70	874.30
98216009.0	1302.70	876.60
98216011.0	1302.20	883.10
98216013.0	1301.90	883.10
98216015.0	1300.20	881.30
98216017.0	1300.20	879.30
98216019.0	1302.20	879.30
98216021.0	1302.50	878.80
98216023.0	1302.90	878.80
98216025.0	1310.40	876.60
98216027.0	1310.40	876.70
98216029.0	1310.20	877.30
98216031.0	1304.40	878.20
98216033.0	1303.50	879.10
98216035.0	1303.30	879.10
98216037.0	1303.30	878.90
98216039.0	1305.00	878.50
98216041.0	1305.00	878.40
98216043.0	1305.60	878.30
98216045.0	1305.70	873.70
98216047.0	1302.40	874.10
98216049.0	1302.40	874.40
98216051.0	1307.90	875.10
98216053.0	1307.90	879.10
98216055.0	1307.80	879.10
98216057.0	1307.80	882.80
98216059.0	1303.10	883.00
98216061.0	1303.10	884.40
98216063.0	1307.40	884.20
98216065.0	1307.40	881.00
98216067.0	1304.20	880.50
98216069.0	1304.10	880.40
98216071.0	1305.30	886.50
98216073.0	1305.30	886.40
98216075.0	1306.40	882.30
98216077.0	1306.30	882.30
98216079.0	1306.10	888.90
98216081.0	1307.00	891.40
98216083.0	1307.00	891.40
98216085.0	1301.30	891.30
98216087.0	1301.30	890.30
98216089.0	1304.00	885.10
98216091.0	1304.10	883.90
98216093.0	1304.30	882.60
98216095.0	1305.90	881.70
98216097.0	1305.90	885.10
98216099.0	1299.70	884.90
98216101.0	1288.00	884.90
98216103.0	1269.50	882.70
98216105.0	1238.50	883.80
98216107.0	1201.60	892.00
98216109.0	1164.20	891.90
98216111.0	1132.50	891.40
98216113.0	1091.70	885.70
98216115.0	1045.10	887.70
98216117.0	1014.50	889.00
98216119.0	974.30	890.10
98216121.0	932.60	894.80
98216123.0	900.10	899.30
98216125.0	863.80	899.80
98216127.0	817.00	898.90
98216129.0	784.60	899.10
98216131.0	748.90	900.10
98216133.0	715.70	900.10
98216135.0	669.00	897.80
98216137.0	656.20	894.70
98216139.0	642.30	894.60
98216141.0	635.20	919.50
98216143.0	635.30	919.50
98216145.0	641.80	912.10
98216147.0	651.00	906.30
98216149.0	651.40	900.30
98216151.0	660.60	899.10
98216153.0	661.50	882.80
98216155.0	657.30	886.90
98216157.0	657.10	891.00
98216159.0	649.60	889.20
98216161.0	641.30	889.10
98216163.0	641.00	897.70
98216165.0	641.00	897.70
98216167.0	641.10	893.90
98216169.0	641.10	894.50
98216171.0	645.90	895.10
98216173.0	647.50	896.10
98216175.0	647.90	897.10
98216177.0	648.40	897.10
98216179.0	648.10	897.20
98216181.0	648.00	894.40
98216183.0	648.00	891.70
98216185.0	643.10	881.00
98216187.0	643.20	880.90
98216189.0	643.10	884.00
98216191.0	644.80	887.10
98216193.0	645.20	887.20
98216195.0	646.20	874.50
98216197.0	652.00	874.60
98216199.0	652.30	892.00
98216201.0	652.30	892.00
98216203.0	648.90	892.00
98216205.0	648.60	893.70
98216207.0	648.50	895.50
98216209.0	648.70	907.70
98216211.0	648.70	907.70
98216213.0	646.80	895.00
98216215.0	646.90	895.00
98216217.0	650.50	895.30
98216219.0	650.50	895.50
98216221.0	650.40	898.00
98216223.0	650.40	899.40
98216225.0	650.40	900.80
98216227.0	651.80	900.20
98216229.0	653.20	900.20
98216231.0	649.70	897.40
98216233.0	646.00	897.70
98216235.0	646.00	898.10
98216237.0	650.70	905.50
98216239.0	653.00	905.60
98216241.0	654.10	905.60
98216243.0	654.50	898.50
98216245.0	654.50	898.50
98216247.0	654.40	900.50
98216249.0	649.60	902.40
98216251.0	649.70	901.90
98216253.0	649.80	901.90
98216255.0	646.50	907.70
98216257.0	646.50	909.40
98216259.0	645.10	909.30
98216261.0	644.20	898.70
98216263.0	644.20	898.80
98216265.0	646.70	898.80
98216267.0	648.30	905.10
98216269.0	648.30	905.10
98216271.0	649.30	905.10
98216273.0	650.50	902.30
98216275.0	649.40	901.80
98216277.0	648.30	901.30
98216279.0	648.40	901.30
98216281.0	653.20	916.30
98216283.0	654.20	916.30
98216285.0	654.70	908.60
98216287.0	651.50	908.60
98216289.0	649.60	907.60
98216291.0	649.70	907.60
98216293.0	649.80	906.40
98216295.0	649.30	905.40
98216297.0	648.80	905.50
98216299.0	649.00	905.60
98216301.0	649.20	906.10
98216303.0	647.90	906.10
98216305.0	648.00	906.20
98216307.0	649.80	904.90
98216309.0	649.90	903.50
98216311.0	642.30	900.30
98216313.0	642.80	892.80
98216315.0	647.10	892.90
98216317.0	648.10	914.80
98216319.0	655.70	914.90
98216321.0	655.70	914.60
98216323.0	650.70	914.50
98216325.0	649.70	914.50
98216327.0	650.20	906.50
98216329.0	650.20	906.50
98216331.0	651.80	906.50
98216333.0	652.00	903.60
98216335.0	650.90	903.80
98216337.0	649.70	903.80
98216339.0	649.70	906.10
98216341.0	648.90	906.20
98216343.0	648.90	906.20
98216345.0	648.90	907.50
98216347.0	650.80	908.90
98216349.0	650.80	908.90
98216351.0	645.10	908.90
98216353.0	645.10	908.90
98216355.0	645.30	905.20
98216357.0	645.20	906.60
98216359.0	646.90	908.00
98216361.0	646.70	912.00
98216363.0	643.60	912.00
98216365.0	644.20	900.00
98216367.0	644.20	900.00
98216369.0	648.80	915.40
98216371.0	648.80	915.40
98216373.0	643.10	915.50
98216375.0	643.00	915.60
98216377.0	643.10	912.60
98216379.0	637.40	909.50
98216381.0	637.40	910.40
98216383.0	647.20	910.40
98216385.0	647.40	908.00
98216387.0	649.00	908.00
98216389.0	649.90	917.10
98216391.0	649.90	917.10
98216393.0	652.50	917.10
98216395.0	652.30	920.30
98216397.0	649.40	920.10
98216399.0	644.20	919.90
98216401.0	634.50	914.60
98216403.0	634.50	914.50
98216405.0	634.40	914.50
98216407.0	634.50	912.60
98216409.0	636.90	912.60
98216411.0	637.00	910.90
98216413.0	637.70	909.30
98216415.0	638.40	910.00
98216417.0	636.70	910.00
98216419.0	637.50	910.10
98216421.0	638.30	910.10
98216423.0	638.10	914.30
98216425.0	639.00	914.20
98216427.0	639.80	914.50
98216429.0	643.60	914.70
98216431.0	643.60	914.70
98216433.0	641.60	905.80
98216435.0	641.50	905.80
98216437.0	646.00	911.70
98216439.0	646.10	909.90
98216441.0	639.30	910.60
98216443.0	630.50	910.50
98216445.0	630.60	909.60
98216447.0	636.20	908.80
98216449.0	639.80	909.00
98216451.0	639.80	909.00
98216453.0	633.00	908.30
98216455.0	631.20	908.10
98216457.0	603.10	907.70
98216459.0	579.80	907.30
98216461.0	539.50	894.20
98216463.0	502.50	890.50
98216465.0	476.80	874.90
98216467.0	441.20	873.40
98216469.0	417.70	850.50
98216471.0	387.20	848.90
98216473.0	356.20	839.10
98216475.0	309.80	825.90
98216477.0	288.70	815.60
98216479.0	254.10	808.70
98216481.0	236.90	803.20
98216483.0	218.00	787.50
98216485.0	192.10	768.00
98216487.0	181.90	765.10
98216489.0	171.70	764.10
98216491.0	170.50	745.90
98216493.0	171.50	736.40
98216495.0	171.70	735.80
98216497.0	179.70	731.40
98216499.0	185.30	732.00
98216501.0	185.40	732.00
98216503.0	185.40	732.00
98216505.0	184.50	731.60
98216507.0	183.40	731.60
98216509.0	178.20	726.70
98216511.0	166.60	725.50
