98239905.0	1279.90	726.20
98239907.0	1276.60	726.20
98239909.0	1276.60	727.70
98239911.0	1285.10	727.50
98239913.0	1285.00	729.00
98239915.0	1275.90	729.30
98239917.0	1275.90	728.60
98239919.0	1279.00	728.50
98239921.0	1288.80	726.30
98239923.0	1288.90	724.40
98239925.0	1285.90	722.80
98239927.0	1286.80	721.20
98239929.0	1286.80	719.60
98239931.0	1281.60	719.80
98239933.0	1281.40	724.60
98239935.0	1281.30	724.40
98239937.0	1281.20	728.60
98239939.0	1282.10	728.80
98239941.0	1282.60	728.90
98239943.0	1281.40	728.90
98239945.0	1280.50	717.00
98239947.0	1281.70	716.90
98239949.0	1281.80	715.00
98239951.0	1280.20	715.10
98239953.0	1278.60	714.90
98239955.0	1278.60	714.90
98239957.0	1279.00	715.10
98239959.0	1285.60	715.10
98239961.0	1285.60	718.20
98239963.0	1277.60	718.40
98239965.0	1277.60	717.20
98239967.0	1277.50	717.30
98239969.0	1277.30	723.70
98239971.0	1281.70	723.60
98239973.0	1287.40	723.60
98239975.0	1288.60	723.50
98239977.0	1286.00	723.60
98239979.0	1286.00	723.60
98239981.0	1285.60	734.80
98239983.0	1280.40	734.90
98239985.0	1280.50	732.80
98239987.0	1279.70	730.80
98239989.0	1278.90	729.70
98239991.0	1276.80	727.50
98239993.0	1276.80	727.80
98239995.0	1281.30	728.00
98239997.0	1281.30	728.70
98239999.0	1283.90	728.40
98240001.0	1283.90	728.10
98240003.0	1280.50	729.20
98240005.0	1279.00	729.20
98240007.0	1279.30	720.00
98240009.0	1279.30	720.00
98240011.0	1279.30	719.90
98240013.0	1280.50	719.90
98240015.0	1280.30	723.70
98240017.0	1280.60	723.80
98240019.0	1280.80	723.60
98240021.0	1287.30	723.30
98240023.0	1287.40	720.50
98240025.0	1285.50	719.80
98240027.0	1285.00	719.90
98240029.0	1285.00	719.30
98240031.0	1288.60	719.20
98240033.0	1288.60	719.70
98240035.0	1284.30	719.80
98240037.0	1283.10	720.40
98240039.0	1282.70	720.50
98240041.0	1282.10	717.90
98240043.0	1282.20	715.20
98240045.0	1286.10	716.50
98240047.0	1286.10	716.50
98240049.0	1282.70	720.40
98240051.0	1282.60	723.60
98240053.0	1283.60	723.60
98240055.0	1283.80	716.30
98240057.0	1286.40	716.60
98240059.0	1286.10	716.90
98240061.0	1285.50	724.90
98240063.0	1283.00	724.90
98240065.0	1283.00	724.70
98240067.0	1283.20	718.10
98240069.0	1286.40	718.10
98240071.0	1286.40	717.40
98240073.0	1283.50	716.90
98240075.0	1283.30	715.00
98240077.0	1283.30	715.00
98240079.0	1284.90	723.30
98240081.0	1286.80	723.30
98240083.0	1287.00	716.00
98240085.0	1286.20	716.70
98240087.0	1286.30	717.40
98240089.0	1286.30	719.70
98240091.0	1286.30	721.10
98240093.0	1284.50	721.00
98240095.0	1284.50	721.00
98240097.0	1283.80	719.50
98240099.0	1279.70	720.00
98240101.0	1279.70	720.40
98240103.0	1280.60	719.40
98240105.0	1281.50	718.50
98240107.0	1282.90	717.90
98240109.0	1284.60	711.60
98240111.0	1284.60	711.60
98240113.0	1285.30	713.20
98240115.0	1285.20	716.70
98240117.0	1285.10	717.30
98240119.0	1285.10	717.30
98240121.0	1285.60	717.30
98240123.0	1285.50	720.40
98240125.0	1285.50	720.40
98240127.0	1285.80	722.80
98240129.0	1286.20	722.80
98240131.0	1286.40	715.20
98240133.0	1287.10	715.20
98240135.0	1287.00	717.00
98240137.0	1282.10	717.00
98240139.0	1278.80	716.90
98240141.0	1278.80	716.50
98240143.0	1278.40	716.50
98240145.0	1278.40	716.70
98240147.0	1280.20	716.60
98240149.0	1279.90	720.90
98240151.0	1279.70	720.90
98240153.0	1279.90	713.80
98240155.0	1281.00	713.80
98240157.0	1281.00	713.70
98240159.0	1280.50	713.60
98240161.0	1280.10	713.50
98240163.0	1280.00	717.50
98240165.0	1279.10	717.60
98240167.0	1279.10	717.80
98240169.0	1282.50	717.70
98240171.0	1282.50	717.10
98240173.0	1282.50	717.10
98240175.0	1283.80	721.60
98240177.0	1285.20	721.60
98240179.0	1285.20	721.70
98240181.0	1282.70	721.70
98240183.0	1282.80	718.10
98240185.0	1284.50	714.50
98240187.0	1287.80	714.50
98240189.0	1287.90	716.90
98240191.0	1287.40	720.00
98240193.0	1287.10	718.40
98240195.0	1287.10	718.40
98240197.0	1287.80	718.90
98240199.0	1288.50	718.90
98240201.0	1288.00	718.90
98240203.0	1287.60	718.80
98240205.0	1282.50	718.90
98240207.0	1282.50	720.40
98240209.0	1282.40	720.40
98240211.0	1282.30	721.50
98240213.0	1279.40	721.50
98240215.0	1279.30	723.10
98240217.0	1280.10	723.40
98240219.0	1280.20	723.70
98240221.0	1280.40	722.00
98240223.0	1281.30	721.90
98240225.0	1281.20	721.90
98240227.0	1281.20	721.90
98240229.0	1282.40	712.50
98240231.0	1282.40	712.10
98240233.0	1282.60	711.90
98240235.0	1282.60	711.80
98240237.0	1282.30	722.60
98240239.0	1282.50	722.50
98240241.0	1282.80	720.30
98240243.0	1287.70	720.00
98240245.0	1287.70	720.00
98240247.0	1284.30	720.10
98240249.0	1284.60	709.70
98240251.0	1284.80	709.70
98240253.0	1284.40	717.20
98240255.0	1284.40	717.20
98240257.0	1283.90	717.00
98240259.0	1283.40	717.00
98240261.0	1283.30	719.90
98240263.0	1284.30	719.70
98240265.0	1285.30	719.70
98240267.0	1286.20	719.70
98240269.0	1287.10	719.60
98240271.0	1289.10	719.60
98240273.0	1290.30	720.90
98240275.0	1290.40	720.90
98240277.0	1286.90	722.70
98240279.0	1284.10	722.70
98240281.0	1284.30	711.00
98240283.0	1284.50	708.60
98240285.0	1284.70	708.60
98240287.0	1288.40	707.40
98240289.0	1288.40	707.70
98240291.0	1285.80	708.10
98240293.0	1285.80	708.10
98240295.0	1290.90	707.90
98240297.0	1290.80	712.90
98240299.0	1290.50	712.90
98240301.0	1290.20	712.80
98240303.0	1290.10	711.30
98240305.0	1289.90	711.30
98240307.0	1289.10	708.50
98240309.0	1286.60	705.80
98240311.0	1285.60	706.80
98240313.0	1285.10	707.80
98240315.0	1285.10	710.10
98240317.0	1287.20	709.30
98240319.0	1287.20	709.20
98240321.0	1287.20	709.10
98240323.0	1287.30	705.30
98240325.0	1285.70	705.30
98240327.0	1284.10	703.90
98240329.0	1282.40	703.90
98240331.0	1282.30	709.60
98240333.0	1287.50	709.40
98240335.0	1295.00	709.10
98240337.0	1295.00	708.90
98240339.0	1295.00	706.20
98240341.0	1294.90	706.10
98240343.0	1287.40	705.80
98240345.0	1287.40	705.70
98240347.0	1287.20	705.50
98240349.0	1287.10	705.30
98240351.0	1287.10	705.30
98240353.0	1285.60	704.90
98240355.0	1286.00	704.90
98240357.0	1286.00	704.90
98240359.0	1284.90	698.00
98240361.0	1284.90	698.00
98240363.0	1287.20	701.10
98240365.0	1287.10	703.80
98240367.0	1287.00	706.50
98240369.0	1287.20	705.40
98240371.0	1287.50	704.40
98240373.0	1285.80	704.40
98240375.0	1285.80	705.90
98240377.0	1285.80	705.90
98240379.0	1286.10	701.80
98240381.0	1286.30	701.80
98240383.0	1286.00	710.60
98240385.0	1287.40	710.50
98240387.0	1288.30	712.60
98240389.0	1288.40	712.60
98240391.0	1287.50	712.30
98240393.0	1287.50	712.10
98240395.0	1287.70	708.20
98240397.0	1287.70	707.50
98240399.0	1288.00	706.80
98240401.0	1288.20	707.90
98240403.0	1289.00	709.00
98240405.0	1289.00	709.10
98240407.0	1287.90	706.60
98240409.0	1286.80	704.10
98240411.0	1287.80	702.70
98240413.0	1288.60	705.20
98240415.0	1290.40	707.60
98240417.0	1290.30	709.70
98240419.0	1290.40	708.60
98240421.0	1290.40	707.50
98240423.0	1290.50	704.10
98240425.0	1290.40	704.50
98240427.0	1290.40	704.50
98240429.0	1285.70	701.70
98240431.0	1285.80	701.70
98240433.0	1286.80	699.40
98240435.0	1287.90	699.40
98240437.0	1287.80	702.70
98240439.0	1287.40	702.80
98240441.0	1287.40	702.90
98240443.0	1286.70	703.10
98240445.0	1286.60	705.30
98240447.0	1286.40	705.20
98240449.0	1286.30	706.90
98240451.0	1286.40	706.90
98240453.0	1286.60	705.90
98240455.0	1285.30	706.20
98240457.0	1285.30	706.10
98240459.0	1288.10	704.10
98240461.0	1292.30	704.00
98240463.0	1292.20	709.50
98240465.0	1291.80	705.70
98240467.0	1291.40	705.00
98240469.0	1289.10	705.10
98240471.0	1286.80	705.10
98240473.0	1286.20	700.40
98240475.0	1286.20	700.40
98240477.0	1287.30	700.00
98240479.0	1288.30	699.90
98240481.0	1288.00	699.90
98240483.0	1288.00	699.80
98240485.0	1287.70	699.70
98240487.0	1287.70	699.20
98240489.0	1287.00	698.60
98240491.0	1287.20	698.60
98240493.0	1287.00	709.70
98240495.0	1287.20	709.80
98240497.0	1287.50	698.80
98240499.0	1287.40	696.10
98240501.0	1287.50	696.20
98240503.0	1286.90	695.00
98240505.0	1286.90	695.00
98240507.0	1292.10	700.90
98240509.0	1297.00	700.80
98240511.0	1297.10	697.90
98240513.0	1295.30	695.60
98240515.0	1291.10	695.70
98240517.0	1291.20	694.30
98240519.0	1294.50	694.30
98240521.0	1293.40	695.20
98240523.0	1293.40	695.20
98240525.0	1293.40	694.80
98240527.0	1292.00	694.90
98240529.0	1292.90	694.10
98240531.0	1292.90	693.40
98240533.0	1288.70	688.30
98240535.0	1288.70	688.30
98240537.0	1288.90	685.40
98240539.0	1289.00	685.50
98240541.0	1289.50	684.50
98240543.0	1289.90	684.60
98240545.0	1291.20	695.00
98240547.0	1290.90	695.10
98240549.0	1290.90	695.10
98240551.0	1292.30	695.20
98240553.0	1292.30	695.30
98240555.0	1291.70	692.90
98240557.0	1291.80	692.90
98240559.0	1289.60	693.30
98240561.0	1290.40	693.60
98240563.0	1291.30	690.40
98240565.0	1295.20	690.40
98240567.0	1294.80	704.20
98240569.0	1290.00	704.30
98240571.0	1290.20	698.90
98240573.0	1290.20	699.00
98240575.0	1291.50	704.00
98240577.0	1294.20	704.00
98240579.0	1294.20	704.60
98240581.0	1294.20	704.60
98240583.0	1289.60	704.40
98240585.0	1289.60	704.00
98240587.0	1289.60	699.40
98240589.0	1289.50	697.60
98240591.0	1288.50	695.80
98240593.0	1288.50	697.10
98240595.0	1292.30	698.30
98240597.0	1292.30	698.30
98240599.0	1290.90	692.40
98240601.0	1290.90	692.40
98240603.0	1289.20	693.00
98240605.0	1288.50	689.60
98240607.0	1288.40	690.90
98240609.0	1288.40	692.20
98240611.0	1288.40	694.30
98240613.0	1290.20	695.60
98240615.0	1292.10	692.70
98240617.0	1292.10	692.60
98240619.0	1291.90	695.60
98240621.0	1291.90	696.50
98240623.0	1283.60	697.50
98240625.0	1283.60	697.50
98240627.0	1289.90	695.70
98240629.0	1289.90	695.70
98240631.0	1283.50	695.80
98240633.0	1283.40	695.90
98240635.0	1289.40	695.80
98240637.0	1289.40	694.40
98240639.0	1289.30	697.50
98240641.0	1289.10	697.40
98240643.0	1289.20	694.70
98240645.0	1290.60	693.10
98240647.0	1290.00	693.10
98240649.0	1290.10	692.30
98240651.0	1290.10	692.40
98240653.0	1289.40	701.50
98240655.0	1289.40	701.50
98240657.0	1289.60	695.70
98240659.0	1289.60	694.50
98240661.0	1289.70	690.50
98240663.0	1289.90	690.50
98240665.0	1289.90	692.20
98240667.0	1289.80	693.90
98240669.0	1289.80	695.20
98240671.0	1285.90	695.20
98240673.0	1284.40	696.00
98240675.0	1284.40	696.70
98240677.0	1289.00	696.70
98240679.0	1292.90	696.50
98240681.0	1292.90	696.50
98240683.0	1293.00	693.70
98240685.0	1293.10	691.00
98240687.0	1291.90	691.00
98240689.0	1290.80	691.80
98240691.0	1289.70	692.60
98240693.0	1289.50	698.30
98240695.0	1288.70	698.30
98240697.0	1288.10	690.60
98240699.0	1286.50	690.60
98240701.0	1286.50	690.10
98240703.0	1286.50	690.10
98240705.0	1291.40	695.90
98240707.0	1301.30	698.80
98240709.0	1331.00	705.90
98240711.0	1368.70	717.40
98240713.0	1406.40	731.50
98240715.0	1439.70	730.70
98240717.0	1491.00	746.30
98240719.0	1531.90	745.40
98240721.0	1581.50	742.60
98240723.0	1636.80	741.20
98240725.0	1677.40	740.70
98240727.0	1730.50	741.50
98240729.0	1780.80	742.60
98240731.0	1834.90	745.10
98240733.0	1886.50	744.00
98240735.0	1946.20	744.80
98240737.0	2002.00	745.50
98240739.0	2044.30	735.40
98240741.0	2103.30	736.40
98240743.0	2155.50	738.00
98240745.0	2211.20	742.40
98240747.0	2268.40	747.20
98240749.0	2312.10	754.00
98240751.0	2365.60	757.10
98240753.0	2414.00	770.20
98240755.0	2467.40	800.50
98240757.0	2507.40	816.40
98240759.0	2568.80	823.40
98240761.0	2621.80	834.20
98240763.0	2670.10	837.80
98240765.0	2721.60	843.30
98240767.0	2773.50	853.10
98240769.0	2822.50	866.70
98240771.0	2890.20	884.70
98240773.0	2936.90	891.30
98240775.0	2994.60	914.20
98240777.0	3042.10	931.20
98240779.0	3092.50	939.30
98240781.0	3152.30	962.90
98240783.0	3197.90	979.30
98240785.0	3248.20	994.00
98240787.0	3270.00	1012.30
98240789.0	3270.00	1020.10
98240791.0	3270.00	1039.40
98240793.0	3270.00	1051.70
98240795.0	3270.00	1079.00
98240797.0	3270.00	1102.20
98240799.0	3270.00	1117.60
98240801.0	3270.00	1125.90
98240803.0	3270.00	1146.30
98240805.0	3270.00	1157.90
98240807.0	3270.00	1169.00
98240809.0	3270.00	1204.70
98240811.0	3270.00	1229.50
98240813.0	3270.00	1242.00
98240815.0	3270.00	1268.20
98240817.0	3270.00	1288.60
98240819.0	3270.00	1303.10
98240821.0	3270.00	1317.80
98240823.0	3270.00	1334.00
98240825.0	3270.00	1356.70
98240827.0	3270.00	1374.80
98240829.0	3270.00	1396.70
98240831.0	3270.00	1420.50
98240833.0	3270.00	1442.70
98240835.0	3270.00	1465.20
98240837.0	3270.00	1495.70
98240839.0	-32768.00	-32768.00
98240841.0	-32768.00	-32768.00
98240843.0	-32768.00	-32768.00
98240845.0	-32768.00	-32768.00
98240847.0	-32768.00	-32768.00
98240849.0	-32768.00	-32768.00
98240851.0	-32768.00	-32768.00
98240853.0	-32768.00	-32768.00
98240855.0	-32768.00	-32768.00
98240857.0	-32768.00	-32768.00
98240859.0	-32768.00	-32768.00
98240861.0	-32768.00	-32768.00
98240863.0	-32768.00	-32768.00
98240865.0	-32768.00	-32768.00
98240867.0	-32768.00	-32768.00
98240869.0	-32768.00	-32768.00
98240871.0	-32768.00	-32768.00
98240873.0	-32768.00	-32768.00
98240875.0	-32768.00	-32768.00
98240877.0	-32768.00	-32768.00
98240879.0	-32768.00	-32768.00
98240881.0	-32768.00	-32768.00
98240883.0	-32768.00	-32768.00
98240885.0	-32768.00	-32768.00
98240887.0	-32768.00	-32768.00
98240889.0	-32768.00	-32768.00
98240891.0	-32768.00	-32768.00
98240893.0	-32768.00	-32768.00
98240895.0	-32768.00	-32768.00
98240897.0	-32768.00	-32768.00
98240899.0	-32768.00	-32768.00
98240901.0	-32768.00	-32768.00
98240903.0	-32768.00	-32768.00
98240905.0	-32768.00	-32768.00
98240907.0	-32768.00	-32768.00
98240909.0	-32768.00	-32768.00
98240911.0	-32768.00	-32768.00
98240913.0	-32768.00	-32768.00
98240915.0	-32768.00	-32768.00
98240917.0	-32768.00	-32768.00
98240919.0	-32768.00	-32768.00
98240921.0	-32768.00	-32768.00
98240923.0	-32768.00	-32768.00
98240925.0	-32768.00	-32768.00
98240927.0	-32768.00	-32768.00
98240929.0	-32768.00	-32768.00
98240931.0	-32768.00	-32768.00
98240933.0	-32768.00	-32768.00
98240935.0	-32768.00	-32768.00
98240937.0	-32768.00	-32768.00
98240939.0	-32768.00	-32768.00
98240941.0	-32768.00	-32768.00
98240943.0	-32768.00	-32768.00
98240945.0	-32768.00	-32768.00
98240947.0	-32768.00	-32768.00
98240949.0	-32768.00	-32768.00
98240951.0	-32768.00	-32768.00
98240953.0	-32768.00	-32768.00
98240955.0	-32768.00	-32768.00
98240957.0	-32768.00	-32768.00
98240959.0	-32768.00	-32768.00
98240961.0	-32768.00	-32768.00
98240963.0	-32768.00	-32768.00
98240965.0	-32768.00	-32768.00
98240967.0	-32768.00	-32768.00
98240969.0	-32768.00	-32768.00
98240971.0	-32768.00	-32768.00
98240973.0	-32768.00	-32768.00
98240975.0	-32768.00	-32768.00
98240977.0	-32768.00	-32768.00
98240979.0	-32768.00	-32768.00
98240981.0	-32768.00	-32768.00
98240983.0	-32768.00	-32768.00
98240985.0	-32768.00	-32768.00
98240987.0	-32768.00	-32768.00
98240989.0	-32768.00	-32768.00
98240991.0	-32768.00	-32768.00
98240993.0	-32768.00	-32768.00
98240995.0	-32768.00	-32768.00
98240997.0	-32768.00	-32768.00
98240999.0	-32768.00	-32768.00
98241001.0	-32768.00	-32768.00
98241003.0	-32768.00	-32768.00
98241005.0	-32768.00	-32768.00
98241007.0	-32768.00	-32768.00
98241009.0	-32768.00	-32768.00
98241011.0	-32768.00	-32768.00
98241013.0	-32768.00	-32768.00
98241015.0	-32768.00	-32768.00
98241017.0	-32768.00	-32768.00
98241019.0	-32768.00	-32768.00
98241021.0	-32768.00	-32768.00
98241023.0	-32768.00	-32768.00
98241025.0	-32768.00	-32768.00
98241027.0	-32768.00	-32768.00
98241029.0	-32768.00	-32768.00
98241031.0	-32768.00	-32768.00
98241033.0	-32768.00	-32768.00
98241035.0	-32768.00	-32768.00
98241037.0	-32768.00	-32768.00
98241039.0	-32768.00	-32768.00
98241041.0	-32768.00	-32768.00
98241043.0	-32768.00	-32768.00
98241045.0	-32768.00	-32768.00
98241047.0	-32768.00	-32768.00
98241049.0	-32768.00	-32768.00
98241051.0	-32768.00	-32768.00
98241053.0	-32768.00	-32768.00
98241055.0	-32768.00	-32768.00
98241057.0	-32768.00	-32768.00
98241059.0	-32768.00	-32768.00
98241061.0	-32768.00	-32768.00
98241063.0	-32768.00	-32768.00
98241065.0	-32768.00	-32768.00
98241067.0	-32768.00	-32768.00
98241069.0	-32768.00	-32768.00
98241071.0	-32768.00	-32768.00
98241073.0	-32768.00	-32768.00
98241075.0	-32768.00	-32768.00
98241077.0	-32768.00	-32768.00
98241079.0	-32768.00	-32768.00
98241081.0	-32768.00	-32768.00
98241083.0	-32768.00	-32768.00
98241085.0	-32768.00	-32768.00
98241087.0	-32768.00	-32768.00
98241089.0	-32768.00	-32768.00
98241091.0	-32768.00	-32768.00
98241093.0	-32768.00	-32768.00
98241095.0	-32768.00	-32768.00
98241097.0	-32768.00	-32768.00
98241099.0	-32768.00	-32768.00
98241101.0	-32768.00	-32768.00
98241103.0	-32768.00	-32768.00
98241105.0	-32768.00	-32768.00
98241107.0	-32768.00	-32768.00
98241109.0	-32768.00	-32768.00
98241111.0	-32768.00	-32768.00
98241113.0	-32768.00	-32768.00
98241115.0	-32768.00	-32768.00
98241117.0	-32768.00	-32768.00
98241119.0	3270.00	1734.80
98241121.0	3270.00	1733.60
98241123.0	3270.00	1736.00
98241125.0	3270.00	1744.30
98241127.0	3270.00	1754.60
98241129.0	3270.00	1767.60
98241131.0	3270.00	1767.70
98241133.0	3270.00	1785.10
98241135.0	3270.00	1786.90
98241137.0	3270.00	1786.90
98241139.0	3270.00	1780.50
98241141.0	3270.00	1772.30
98241143.0	3270.00	1766.30
98241145.0	3270.00	1753.80
98241147.0	3270.00	1753.20
98241149.0	3270.00	1751.40
98241151.0	3270.00	1757.90
98241153.0	3270.00	1764.10
98241155.0	3270.00	1760.90
98241157.0	3270.00	1765.70
98241159.0	3270.00	1767.30
98241161.0	3270.00	1767.90
98241163.0	3270.00	1766.80
98241165.0	3270.00	1764.60
98241167.0	3270.00	1764.60
98241169.0	3270.00	1761.80
98241171.0	3270.00	1757.80
98241173.0	3270.00	1757.80
98241175.0	3270.00	1758.90
98241177.0	3270.00	1759.10
98241179.0	3270.00	1762.80
98241181.0	3270.00	1765.10
98241183.0	3270.00	1759.80
98241185.0	3270.00	1761.00
98241187.0	3270.00	1762.20
98241189.0	3270.00	1762.20
98241191.0	3270.00	1763.10
98241193.0	3270.00	1761.30
98241195.0	3270.00	1760.40
98241197.0	3270.00	1761.80
98241199.0	3270.00	1761.90
98241201.0	3270.00	1762.00
98241203.0	3270.00	1764.50
98241205.0	3270.00	1766.00
98241207.0	3270.00	1766.00
98241209.0	3270.00	1765.00
98241211.0	3270.00	1765.60
98241213.0	3270.00	1765.80
98241215.0	3270.00	1765.80
98241217.0	3270.00	1769.80
98241219.0	3270.00	1769.80
98241221.0	3270.00	1768.70
98241223.0	3270.00	1767.80
98241225.0	3270.00	1764.40
98241227.0	3270.00	1766.10
98241229.0	3270.00	1765.90
98241231.0	3270.00	1765.20
98241233.0	3270.00	1764.40
98241235.0	3270.00	1766.50
98241237.0	3270.00	1767.00
98241239.0	3270.00	1769.50
98241241.0	3270.00	1769.30
98241243.0	3270.00	1769.00
98241245.0	3270.00	1769.50
98241247.0	3270.00	1768.50
98241249.0	3270.00	1767.50
98241251.0	3270.00	1767.40
98241253.0	3270.00	1769.20
98241255.0	3270.00	1769.50
98241257.0	3270.00	1769.90
98241259.0	3270.00	1770.10
98241261.0	3270.00	1770.10
98241263.0	3270.00	1769.40
98241265.0	3270.00	1769.40
98241267.0	3270.00	1768.10
98241269.0	3270.00	1766.20
98241271.0	3270.00	1766.10
98241273.0	3270.00	1766.20
98241275.0	3270.00	1766.50
98241277.0	3270.00	1769.70
98241279.0	3270.00	1770.80
98241281.0	3270.00	1768.60
98241283.0	3270.00	1768.60
98241285.0	3270.00	1763.20
98241287.0	3270.00	1763.20
98241289.0	3270.00	1763.60
98241291.0	3270.00	1765.10
98241293.0	3270.00	1764.40
98241295.0	3270.00	1764.50
98241297.0	3270.00	1768.40
98241299.0	3270.00	1768.40
98241301.0	3270.00	1769.20
98241303.0	3270.00	1769.60
98241305.0	3270.00	1767.70
98241307.0	3270.00	1769.10
98241309.0	3270.00	1769.10
98241311.0	3270.00	1768.20
98241313.0	3270.00	1769.40
98241315.0	3270.00	1770.70
98241317.0	3270.00	1771.40
98241319.0	3270.00	1769.80
98241321.0	3270.00	1769.40
98241323.0	3270.00	1765.40
98241325.0	3270.00	1764.90
98241327.0	3270.00	1765.30
98241329.0	3270.00	1765.40
98241331.0	3270.00	1765.90
98241333.0	3270.00	1769.30
98241335.0	3270.00	1770.30
98241337.0	3270.00	1770.60
98241339.0	3270.00	1771.20
98241341.0	3270.00	1771.10
98241343.0	3270.00	1769.60
98241345.0	3270.00	1769.60
98241347.0	3270.00	1769.60
98241349.0	3270.00	1766.90
98241351.0	3270.00	1766.60
98241353.0	3270.00	1768.00
98241355.0	3270.00	1770.70
98241357.0	3270.00	1770.00
98241359.0	3270.00	1771.30
98241361.0	3270.00	1777.80
98241363.0	3270.00	1775.10
98241365.0	3270.00	1775.00
98241367.0	3270.00	1774.70
98241369.0	3270.00	1774.80
98241371.0	3270.00	1775.80
98241373.0	3270.00	1775.90
98241375.0	3270.00	1775.90
98241377.0	3270.00	1771.30
98241379.0	3270.00	1771.50
98241381.0	3270.00	1771.60
98241383.0	3270.00	1770.20
98241385.0	3270.00	1766.60
98241387.0	3270.00	1766.60
98241389.0	3270.00	1766.10
98241391.0	3270.00	1766.10
98241393.0	3270.00	1765.70
98241395.0	3270.00	1765.70
98241397.0	3270.00	1766.60
98241399.0	3270.00	1768.50
98241401.0	3270.00	1769.90
98241403.0	3270.00	1769.70
98241405.0	3270.00	1770.20
98241407.0	3270.00	1770.10
98241409.0	3270.00	1766.60
98241411.0	3270.00	1766.90
98241413.0	3270.00	1761.90
98241415.0	3270.00	1762.10
98241417.0	3270.00	1767.50
98241419.0	3270.00	1765.00
98241421.0	3270.00	1765.80
98241423.0	3270.00	1765.90
98241425.0	3270.00	1766.30
98241427.0	3270.00	1766.80
98241429.0	3270.00	1767.00
98241431.0	3270.00	1755.40
98241433.0	3270.00	1744.50
98241435.0	3270.00	1745.30
98241437.0	3270.00	1737.30
98241439.0	3270.00	1723.80
98241441.0	3270.00	1722.00
98241443.0	3270.00	1708.40
98241445.0	3270.00	1712.70
98241447.0	3270.00	1709.40
98241449.0	3270.00	1706.50
98241451.0	3270.00	1705.70
98241453.0	3270.00	1712.60
98241455.0	3270.00	1707.90
98241457.0	3270.00	1709.10
98241459.0	3270.00	1709.10
98241461.0	3270.00	1704.50
98241463.0	3270.00	1703.80
98241465.0	3270.00	1707.90
98241467.0	3270.00	1707.70
98241469.0	3270.00	1712.20
98241471.0	3270.00	1712.20
98241473.0	3270.00	1711.80
98241475.0	3270.00	1711.50
98241477.0	3270.00	1712.10
98241479.0	3270.00	1712.70
98241481.0	3270.00	1711.60
98241483.0	3270.00	1712.30
98241485.0	3270.00	1712.80
98241487.0	3270.00	1713.70
98241489.0	3270.00	1714.20
98241491.0	3270.00	1714.80
98241493.0	3270.00	1715.10
98241495.0	3270.00	1713.80
98241497.0	3270.00	1714.20
98241499.0	3270.00	1714.50
98241501.0	3270.00	1712.70
98241503.0	3270.00	1710.80
98241505.0	3270.00	1708.90
98241507.0	3270.00	1707.70
98241509.0	3270.00	1709.10
98241511.0	3270.00	1711.70
98241513.0	3270.00	1711.30
98241515.0	3270.00	1710.80
98241517.0	3270.00	1711.70
98241519.0	3270.00	1713.10
98241521.0	3270.00	1716.00
98241523.0	3270.00	1715.20
98241525.0	3270.00	1714.90
98241527.0	3270.00	1714.60
98241529.0	3270.00	1713.60
98241531.0	3270.00	1715.40
98241533.0	3270.00	1715.10
98241535.0	3270.00	1714.50
98241537.0	3270.00	1714.10
98241539.0	3270.00	1714.40
98241541.0	3270.00	1715.70
98241543.0	3270.00	1716.50
98241545.0	3270.00	1715.40
98241547.0	3270.00	1718.10
98241549.0	3270.00	1717.90
98241551.0	3270.00	1716.90
98241553.0	3270.00	1716.30
98241555.0	3270.00	1716.60
98241557.0	3270.00	1717.20
98241559.0	3270.00	1716.90
98241561.0	3270.00	1716.50
98241563.0	3270.00	1716.50
98241565.0	3270.00	1713.90
98241567.0	3270.00	1712.10
98241569.0	3270.00	1711.50
98241571.0	3270.00	1711.40
98241573.0	3270.00	1712.00
98241575.0	3270.00	1711.30
98241577.0	3270.00	1711.60
98241579.0	3270.00	1711.80
98241581.0	3270.00	1711.80
98241583.0	3270.00	1714.70
98241585.0	3270.00	1714.70
98241587.0	3270.00	1714.70
98241589.0	3270.00	1715.30
98241591.0	3270.00	1716.00
98241593.0	3270.00	1716.60
98241595.0	3270.00	1716.30
98241597.0	3270.00	1715.90
98241599.0	3270.00	1715.60
98241601.0	3270.00	1715.10
98241603.0	3270.00	1715.50
98241605.0	3270.00	1716.30
98241607.0	3270.00	1716.30
98241609.0	3270.00	1717.20
98241611.0	3270.00	1721.20
98241613.0	3270.00	1718.10
98241615.0	3270.00	1715.80
98241617.0	3270.00	1712.40
98241619.0	3270.00	1712.50
98241621.0	3270.00	1713.50
98241623.0	3270.00	1711.60
98241625.0	3270.00	1708.60
98241627.0	3270.00	1708.60
98241629.0	3270.00	1708.20
98241631.0	3270.00	1708.20
98241633.0	3270.00	1708.10
98241635.0	3270.00	1708.10
98241637.0	3270.00	1709.00
98241639.0	3270.00	1709.80
98241641.0	3270.00	1713.60
98241643.0	3270.00	1716.50
98241645.0	3270.00	1716.50
98241647.0	3270.00	1720.70
98241649.0	3270.00	1734.80
98241651.0	3270.00	1743.20
98241653.0	3270.00	1752.60
98241655.0	3270.00	1760.10
98241657.0	3270.00	1761.30
98241659.0	3270.00	1767.90
98241661.0	3270.00	1775.30
98241663.0	3270.00	1785.00
98241665.0	3270.00	1790.30
98241667.0	3270.00	1800.00
98241669.0	3270.00	1801.20
98241671.0	3270.00	1802.30
98241673.0	3270.00	1801.20
98241675.0	3270.00	1798.40
98241677.0	3270.00	1798.30
98241679.0	3270.00	1795.20
98241681.0	3270.00	1790.00
98241683.0	3270.00	1790.10
98241685.0	3270.00	1792.70
98241687.0	3270.00	1793.70
98241689.0	3270.00	1793.70
98241691.0	3270.00	1793.20
98241693.0	3270.00	1797.00
98241695.0	3270.00	1799.60
98241697.0	3270.00	1799.60
98241699.0	3270.00	1799.60
98241701.0	3270.00	1800.50
98241703.0	3270.00	1801.30
98241705.0	3270.00	1801.40
98241707.0	3270.00	1801.20
98241709.0	3270.00	1800.30
98241711.0	3270.00	1799.90
98241713.0	3270.00	1798.20
98241715.0	3270.00	1793.80
98241717.0	3270.00	1793.80
98241719.0	3270.00	1794.50
98241721.0	3270.00	1794.60
98241723.0	3270.00	1795.40
98241725.0	3270.00	1795.40
98241727.0	3270.00	1791.70
98241729.0	3270.00	1792.50
98241731.0	3270.00	1795.10
98241733.0	3270.00	1795.20
98241735.0	3270.00	1795.20
98241737.0	3270.00	1793.80
98241739.0	3270.00	1793.50
98241741.0	3270.00	1794.40
98241743.0	3270.00	1794.40
98241745.0	3270.00	1793.40
98241747.0	3270.00	1792.00
98241749.0	3270.00	1792.60
98241751.0	3270.00	1793.30
98241753.0	3270.00	1792.40
98241755.0	3270.00	1790.60
98241757.0	3270.00	1790.70
98241759.0	3270.00	1790.40
98241761.0	3270.00	1787.90
98241763.0	3270.00	1787.20
98241765.0	3270.00	1786.90
98241767.0	3270.00	1788.00
98241769.0	3270.00	1788.00
98241771.0	3270.00	1787.90
98241773.0	3270.00	1787.90
98241775.0	3270.00	1793.10
98241777.0	3270.00	1793.10
98241779.0	3270.00	1787.80
98241781.0	3270.00	1787.80
98241783.0	3270.00	1787.80
98241785.0	3270.00	1787.80
98241787.0	3270.00	1789.70
98241789.0	3270.00	1789.80
98241791.0	3270.00	1789.90
98241793.0	3270.00	1792.00
98241795.0	3270.00	1794.80
98241797.0	3270.00	1795.10
98241799.0	3270.00	1795.10
98241801.0	3270.00	1795.30
98241803.0	3270.00	1794.60
98241805.0	3270.00	1793.30
98241807.0	3270.00	1797.30
98241809.0	3270.00	1799.20
98241811.0	3270.00	1798.70
98241813.0	3270.00	1800.40
98241815.0	3270.00	1800.40
98241817.0	3270.00	1797.70
98241819.0	3270.00	1797.70
98241821.0	3270.00	1797.50
98241823.0	3270.00	1799.00
98241825.0	3270.00	1793.70
98241827.0	3270.00	1793.70
98241829.0	3270.00	1792.40
98241831.0	3270.00	1791.60
98241833.0	3270.00	1791.20
98241835.0	3270.00	1791.20
98241837.0	3270.00	1791.20
98241839.0	3270.00	1792.00
98241841.0	3270.00	1790.00
98241843.0	3270.00	1792.80
98241845.0	3270.00	1793.80
98241847.0	3270.00	1794.90
98241849.0	3270.00	1795.60
98241851.0	3270.00	1792.50
98241853.0	3270.00	1794.00
98241855.0	3270.00	1794.00
98241857.0	3270.00	1793.40
98241859.0	3270.00	1793.40
98241861.0	3270.00	1793.20
98241863.0	3270.00	1793.20
98241865.0	3270.00	1791.00
98241867.0	3270.00	1791.00
98241869.0	3270.00	1787.30
98241871.0	3270.00	1787.40
98241873.0	3270.00	1789.30
98241875.0	3270.00	1789.30
98241877.0	3270.00	1791.20
98241879.0	3270.00	1791.20
98241881.0	3270.00	1786.60
98241883.0	3270.00	1786.40
98241885.0	3270.00	1788.60
98241887.0	3270.00	1788.60
98241889.0	3270.00	1784.50
98241891.0	3270.00	1784.50
98241893.0	3270.00	1780.90
98241895.0	3270.00	1782.30
98241897.0	3270.00	1788.00
98241899.0	3270.00	1787.20
98241901.0	3270.00	1789.20
98241903.0	3270.00	1789.30
98241905.0	3270.00	1789.90
98241907.0	3270.00	1789.90
98241909.0	3270.00	1784.20
98241911.0	3270.00	1785.30
98241913.0	3270.00	1788.80
98241915.0	3270.00	1788.50
98241917.0	3270.00	1790.30
98241919.0	3270.00	1790.30
98241921.0	3270.00	1785.00
98241923.0	3270.00	1777.00
98241925.0	3270.00	1768.00
98241927.0	3270.00	1750.70
98241929.0	3270.00	1743.50
98241931.0	3270.00	1738.20
98241933.0	3270.00	1736.40
98241935.0	3270.00	1736.80
98241937.0	3270.00	1737.70
98241939.0	3270.00	1740.40
98241941.0	3270.00	1744.90
98241943.0	3270.00	1746.50
98241945.0	3270.00	1746.20
98241947.0	3270.00	1746.50
98241949.0	3270.00	1747.00
98241951.0	3270.00	1747.00
98241953.0	3270.00	1746.40
98241955.0	3270.00	1743.90
98241957.0	3270.00	1736.20
98241959.0	3270.00	1734.90
98241961.0	3270.00	1735.10
98241963.0	3270.00	1737.30
98241965.0	3270.00	1739.70
98241967.0	3270.00	1739.00
98241969.0	3270.00	1738.80
98241971.0	3270.00	1738.80
98241973.0	3270.00	1741.70
98241975.0	3270.00	1744.10
98241977.0	3270.00	1745.60
98241979.0	3270.00	1745.60
98241981.0	3270.00	1745.00
98241983.0	3270.00	1741.80
98241985.0	3270.00	1737.60
98241987.0	3270.00	1737.00
98241989.0	3270.00	1735.60
98241991.0	3270.00	1733.50
98241993.0	3270.00	1732.60
98241995.0	3270.00	1731.30
98241997.0	3270.00	1731.50
98241999.0	3270.00	1727.70
98242001.0	3270.00	1716.00
98242003.0	3270.00	1698.20
98242005.0	3270.00	1669.80
98242007.0	3270.00	1622.40
98242009.0	3270.00	1577.50
98242011.0	3270.00	1534.80
98242013.0	3270.00	1471.70
98242015.0	3270.00	1404.30
98242017.0	3270.00	1350.20
98242019.0	3270.00	1287.40
98242021.0	3258.10	1248.70
98242023.0	3152.60	1233.40
98242025.0	3103.90	1281.50
98242027.0	3059.90	1291.30
98242029.0	2851.40	1463.00
98242031.0	2759.90	1533.50
98242033.0	2702.50	1577.90
98242035.0	2754.30	1676.70
98242037.0	2754.60	1676.70
98242039.0	2939.50	1792.60
98242041.0	3075.80	1780.70
98242043.0	3162.30	1802.40
98242045.0	3178.70	1813.50
98242047.0	3265.50	1814.30
98242049.0	3270.00	1779.40
98242051.0	3270.00	1698.60
98242053.0	3270.00	1586.90
98242055.0	3270.00	1388.20
98242057.0	3270.00	1325.10
98242059.0	3270.00	1325.10
98242061.0	-32768.00	-32768.00
98242063.0	-32768.00	-32768.00
98242065.0	-32768.00	-32768.00
98242067.0	-32768.00	-32768.00
98242069.0	-32768.00	-32768.00
98242071.0	-32768.00	-32768.00
98242073.0	-32768.00	-32768.00
98242075.0	-32768.00	-32768.00
98242077.0	-32768.00	-32768.00
98242079.0	-32768.00	-32768.00
98242081.0	-32768.00	-32768.00
98242083.0	3036.60	1827.00
98242085.0	3036.60	1827.10
98242087.0	3013.20	1864.50
98242089.0	2908.20	1891.40
98242091.0	2909.40	1855.40
98242093.0	2865.50	1809.70
98242095.0	2941.00	1776.20
98242097.0	2906.40	1690.60
98242099.0	2330.20	1748.60
98242101.0	2019.00	1783.10
98242103.0	1663.20	1418.80
98242105.0	1588.60	1233.60
98242107.0	1554.60	1142.80
98242109.0	1542.00	1136.30
98242111.0	1485.10	953.20
98242113.0	1433.00	857.40
98242115.0	1416.00	835.80
98242117.0	1380.20	676.10
98242119.0	1357.40	624.20
98242121.0	1338.80	624.60
98242123.0	1308.90	598.30
98242125.0	1286.80	571.90
98242127.0	1262.90	531.60
98242129.0	1236.60	467.00
98242131.0	1211.00	466.90
98242133.0	1189.20	477.90
98242135.0	1180.10	472.80
98242137.0	1154.10	468.80
98242139.0	1121.30	468.50
98242141.0	1110.30	470.80
98242143.0	1101.40	490.00
98242145.0	1100.70	489.80
98242147.0	1100.20	500.60
98242149.0	1112.10	500.50
98242151.0	1129.60	500.40
98242153.0	1148.10	499.60
98242155.0	1149.00	499.50
98242157.0	1149.10	518.80
98242159.0	1149.10	518.70
98242161.0	1141.80	517.80
98242163.0	1141.70	517.80
98242165.0	1134.20	520.00
98242167.0	1133.20	529.20
98242169.0	1132.30	532.60
98242171.0	1132.00	539.70
98242173.0	1133.60	539.40
98242175.0	1140.80	539.40
98242177.0	1140.40	549.90
98242179.0	1139.40	549.90
98242181.0	1138.00	557.60
98242183.0	1138.00	559.40
98242185.0	1141.80	559.90
98242187.0	1141.80	559.40
98242189.0	1140.30	558.80
98242191.0	1138.80	557.80
98242193.0	1138.50	557.80
98242195.0	1135.00	569.10
98242197.0	1135.00	569.10
98242199.0	1135.10	570.20
98242201.0	1135.20	571.20
98242203.0	1138.30	578.70
98242205.0	1139.40	578.70
98242207.0	1139.40	580.70
98242209.0	1139.40	581.80
98242211.0	1138.00	583.00
98242213.0	1136.40	588.10
98242215.0	1134.90	588.10
98242217.0	1134.90	588.10
98242219.0	1142.30	577.70
98242221.0	1142.40	577.70
98242223.0	1140.50	584.20
98242225.0	1139.00	583.90
98242227.0	1139.40	574.40
98242229.0	1137.20	574.50
98242231.0	1135.10	583.50
98242233.0	1135.10	583.60
98242235.0	1137.60	582.80
98242237.0	1137.70	582.80
98242239.0	1137.70	584.00
98242241.0	1138.10	587.40
98242243.0	1138.60	587.40
98242245.0	1138.70	585.90
98242247.0	1138.70	585.90
98242249.0	1138.60	585.90
98242251.0	1138.40	591.40
98242253.0	1137.50	591.40
98242255.0	1136.60	592.00
98242257.0	1135.80	592.10
98242259.0	1135.60	583.40
98242261.0	1135.60	583.40
98242263.0	1135.00	583.30
98242265.0	1135.00	583.20
98242267.0	1135.20	580.60
98242269.0	1135.30	578.70
98242271.0	1144.50	578.60
98242273.0	1144.50	576.70
98242275.0	1137.10	576.70
98242277.0	1137.80	582.20
98242279.0	1138.70	582.20
98242281.0	1138.30	582.20
98242283.0	1138.30	582.10
98242285.0	1137.30	581.50
98242287.0	1137.30	581.50
98242289.0	1134.70	581.90
98242291.0	1134.70	581.90
98242293.0	1134.80	581.20
98242295.0	1134.90	580.50
98242297.0	1134.90	581.30
98242299.0	1134.90	582.10
98242301.0	1135.70	582.90
98242303.0	1140.90	583.70
98242305.0	1140.80	586.20
98242307.0	1139.10	586.20
98242309.0	1139.00	587.80
98242311.0	1140.10	587.80
98242313.0	1140.20	586.80
98242315.0	1141.80	585.80
98242317.0	1142.70	586.10
98242319.0	1142.70	586.00
98242321.0	1142.80	586.00
98242323.0	1142.60	581.30
98242325.0	1142.20	581.20
98242327.0	1142.00	585.50
98242329.0	1145.20	585.40
98242331.0	1145.10	587.30
98242333.0	1142.20	587.20
98242335.0	1142.40	581.30
98242337.0	1142.40	581.30
98242339.0	1142.50	578.00
98242341.0	1142.70	578.00
98242343.0	1142.80	577.90
98242345.0	1143.80	579.50
98242347.0	1146.40	579.40
98242349.0	1146.80	571.40
98242351.0	1146.70	571.40
98242353.0	1146.40	571.30
98242355.0	1146.20	567.10
98242357.0	1146.20	567.10
98242359.0	1145.80	574.20
98242361.0	1146.10	574.20
98242363.0	1146.20	574.80
98242365.0	1144.60	574.70
98242367.0	1144.50	576.20
98242369.0	1145.00	576.10
98242371.0	1145.40	576.80
98242373.0	1150.30	576.80
98242375.0	1150.40	575.20
98242377.0	1149.30	573.70
98242379.0	1149.20	576.70
98242381.0	1151.30	576.70
98242383.0	1151.30	575.00
98242385.0	1153.30	573.50
98242387.0	1153.30	573.50
98242389.0	1152.10	573.50
98242391.0	1150.90	574.80
98242393.0	1150.90	576.30
98242395.0	1151.00	576.10
98242397.0	1150.30	576.10
98242399.0	1150.20	581.00
98242401.0	1149.30	581.00
98242403.0	1150.70	570.60
98242405.0	1150.70	570.60
98242407.0	1150.70	571.30
98242409.0	1151.80	572.50
98242411.0	1151.60	573.40
98242413.0	1151.20	579.00
98242415.0	1147.80	578.90
98242417.0	1147.80	577.50
98242419.0	1149.90	576.10
98242421.0	1149.90	574.10
98242423.0	1148.50	572.20
98242425.0	1148.50	572.20
98242427.0	1148.70	571.30
98242429.0	1148.80	570.50
98242431.0	1148.70	570.50
98242433.0	1148.70	570.50
98242435.0	1149.20	570.90
98242437.0	1149.70	570.90
98242439.0	1154.00	569.90
98242441.0	1154.10	569.20
98242443.0	1154.10	569.30
98242445.0	1156.70	563.20
98242447.0	1159.00	563.40
98242449.0	1158.90	567.70
98242451.0	1155.00	569.70
98242453.0	1153.70	569.70
98242455.0	1151.90	580.50
98242457.0	1146.50	580.60
98242459.0	1124.30	570.30
98242461.0	1095.30	570.30
98242463.0	1055.80	575.60
98242465.0	1010.70	575.50
98242467.0	959.30	566.60
98242469.0	921.10	553.50
98242471.0	896.80	538.30
98242473.0	879.60	525.70
98242475.0	861.30	508.80
98242477.0	864.80	494.20
98242479.0	867.30	494.30
98242481.0	868.10	500.10
98242483.0	870.80	500.20
98242485.0	871.20	502.30
98242487.0	870.60	511.80
98242489.0	861.10	511.60
98242491.0	859.20	508.00
98242493.0	851.90	496.10
98242495.0	851.90	496.10
98242497.0	852.70	498.10
98242499.0	866.60	498.10
98242501.0	867.70	497.70
98242503.0	867.70	498.30
98242505.0	866.50	498.30
98242507.0	866.90	498.20
98242509.0	866.80	498.00
98242511.0	865.50	496.00
98242513.0	865.00	495.90
98242515.0	864.90	497.50
98242517.0	866.30	499.10
98242519.0	866.30	499.00
98242521.0	866.50	495.80
98242523.0	866.60	493.50
98242525.0	866.50	493.40
98242527.0	869.00	494.90
98242529.0	870.90	494.90
98242531.0	871.10	493.20
98242533.0	865.50	491.30
98242535.0	865.50	491.40
98242537.0	865.30	498.60
98242539.0	865.50	497.80
98242541.0	870.00	497.20
98242543.0	869.50	497.20
98242545.0	869.50	497.30
98242547.0	869.60	497.50
98242549.0	869.60	497.80
98242551.0	874.50	497.00
98242553.0	873.40	496.00
98242555.0	872.40	495.20
98242557.0	871.30	495.20
98242559.0	871.80	495.30
98242561.0	872.10	497.20
98242563.0	874.70	496.40
98242565.0	874.80	495.60
98242567.0	874.30	495.60
98242569.0	874.50	495.70
98242571.0	874.70	495.80
98242573.0	871.90	494.90
98242575.0	871.50	493.90
98242577.0	871.40	494.40
98242579.0	873.10	494.40
98242581.0	873.00	493.10
98242583.0	872.90	493.90
98242585.0	873.90	494.70
98242587.0	876.90	496.80
98242589.0	876.80	498.30
98242591.0	877.80	498.40
98242593.0	878.50	497.00
98242595.0	878.50	497.00
98242597.0	878.60	494.90
98242599.0	880.30	495.40
98242601.0	879.70	495.80
98242603.0	879.40	499.90
98242605.0	879.40	499.80
98242607.0	875.90	495.30
98242609.0	875.90	495.20
98242611.0	875.90	494.60
98242613.0	875.80	494.50
98242615.0	877.00	495.30
98242617.0	877.00	495.30
98242619.0	876.60	494.90
98242621.0	876.30	493.60
98242623.0	876.30	494.20
98242625.0	880.50	494.40
98242627.0	880.50	494.40
98242629.0	880.60	492.80
98242631.0	876.70	491.20
98242633.0	876.80	491.00
98242635.0	876.90	490.80
98242637.0	875.30	489.60
98242639.0	875.30	489.60
98242641.0	880.30	497.80
98242643.0	880.60	494.60
98242645.0	880.70	494.10
98242647.0	880.70	494.10
98242649.0	880.40	492.10
98242651.0	879.80	492.10
98242653.0	877.20	497.30
98242655.0	877.10	497.20
98242657.0	883.90	497.40
98242659.0	884.00	495.20
98242661.0	881.30	483.40
98242663.0	877.80	483.30
98242665.0	876.70	500.00
98242667.0	877.40	500.00
98242669.0	877.70	494.80
98242671.0	879.30	494.90
98242673.0	881.10	493.60
98242675.0	881.20	492.20
98242677.0	881.20	492.20
98242679.0	880.00	495.20
98242681.0	879.90	497.10
98242683.0	882.70	494.40
98242685.0	882.80	491.70
98242687.0	883.10	493.50
98242689.0	883.10	493.50
98242691.0	883.10	493.50
98242693.0	882.90	493.70
98242695.0	882.70	493.70
98242697.0	883.10	487.90
98242699.0	883.00	487.90
98242701.0	882.90	489.80
98242703.0	882.90	489.90
98242705.0	883.00	490.00
98242707.0	887.50	494.10
98242709.0	887.50	494.10
98242711.0	886.10	486.60
98242713.0	886.10	486.50
98242715.0	886.00	486.30
98242717.0	883.10	486.80
98242719.0	882.60	487.40
98242721.0	882.60	486.90
98242723.0	884.40	486.90
98242725.0	884.20	488.40
98242727.0	884.10	488.30
98242729.0	884.20	486.20
98242731.0	888.70	486.20
98242733.0	888.60	486.10
98242735.0	888.20	479.20
98242737.0	888.20	479.10
98242739.0	886.50	479.40
98242741.0	886.50	479.70
98242743.0	885.90	483.90
98242745.0	885.90	483.90
98242747.0	886.80	492.10
98242749.0	886.80	492.20
98242751.0	882.80	482.60
98242753.0	882.80	482.30
98242755.0	882.80	481.10
98242757.0	883.70	481.20
98242759.0	884.30	483.70
98242761.0	884.60	486.10
98242763.0	884.90	492.00
98242765.0	885.50	492.10
98242767.0	886.60	478.00
98242769.0	886.60	478.00
98242771.0	887.70	480.90
98242773.0	889.00	480.90
98242775.0	888.90	481.60
98242777.0	887.50	482.30
98242779.0	886.10	484.50
98242781.0	886.20	483.80
98242783.0	886.40	483.90
98242785.0	890.60	496.40
98242787.0	887.60	496.40
98242789.0	885.50	479.80
98242791.0	886.80	479.80
98242793.0	886.80	479.80
98242795.0	884.20	480.20
98242797.0	884.20	480.10
98242799.0	888.30	480.10
98242801.0	887.90	480.40
98242803.0	887.40	480.50
98242805.0	886.50	478.90
98242807.0	885.60	477.40
98242809.0	885.60	477.30
98242811.0	888.40	486.40
98242813.0	888.50	486.50
98242815.0	881.50	489.00
98242817.0	864.50	491.50
98242819.0	838.70	488.40
98242821.0	809.50	485.10
98242823.0	765.80	473.80
98242825.0	731.70	458.30
98242827.0	694.60	450.50
98242829.0	654.30	438.40
98242831.0	622.10	423.50
98242833.0	586.80	409.40
98242835.0	556.90	407.40
98242837.0	529.10	416.10
98242839.0	493.50	415.60
98242841.0	459.90	413.10
98242843.0	429.10	410.20
98242845.0	404.10	404.10
98242847.0	380.00	387.80
98242849.0	351.30	374.30
98242851.0	324.70	365.50
98242853.0	308.10	360.90
98242855.0	281.60	354.90
98242857.0	246.50	349.70
98242859.0	238.10	347.90
98242861.0	219.70	340.20
98242863.0	198.60	337.30
98242865.0	196.10	329.10
98242867.0	196.20	329.20
98242869.0	212.80	330.20
98242871.0	226.90	332.10
98242873.0	241.20	334.90
98242875.0	244.80	335.40
98242877.0	245.10	333.30
98242879.0	238.50	332.20
98242881.0	236.70	331.90
98242883.0	236.70	331.90
98242885.0	231.40	330.40
98242887.0	225.60	329.70
98242889.0	225.50	329.60
98242891.0	224.90	335.00
98242893.0	224.70	335.00
98242895.0	224.70	334.90
98242897.0	229.80	335.50
98242899.0	230.20	332.00
98242901.0	230.20	331.80
98242903.0	229.10	320.80
98242905.0	226.90	320.50
98242907.0	225.50	331.90
98242909.0	232.60	338.50
98242911.0	232.60	338.50
98242913.0	231.50	334.50
98242915.0	230.40	330.50
98242917.0	227.00	327.80
98242919.0	227.00	327.80
98242921.0	236.40	329.10
98242923.0	235.60	335.90
98242925.0	231.90	335.40
98242927.0	231.70	332.30
98242929.0	231.60	329.20
98242931.0	230.70	329.10
98242933.0	229.70	329.00
98242935.0	229.80	325.20
98242937.0	229.80	325.20
98242939.0	229.80	325.20
98242941.0	230.10	322.00
98242943.0	236.10	322.70
98242945.0	235.90	324.40
98242947.0	234.10	326.00
98242949.0	234.10	326.00
98242951.0	227.40	316.90
98242953.0	223.70	316.50
98242955.0	222.50	327.30
98242957.0	233.30	335.80
98242959.0	233.20	335.80
98242961.0	232.00	322.60
98242963.0	232.00	322.60
98242965.0	227.50	321.70
98242967.0	227.50	321.70
98242969.0	232.30	325.00
98242971.0	232.30	325.50
98242973.0	233.80	325.70
98242975.0	234.50	321.60
98242977.0	233.90	321.60
98242979.0	233.60	324.30
98242981.0	233.60	324.40
98242983.0	226.30	319.90
98242985.0	226.80	319.90
98242987.0	226.10	330.10
98242989.0	234.80	331.30
98242991.0	234.70	332.20
98242993.0	233.00	331.90
98242995.0	232.50	321.90
98242997.0	227.50	320.40
98242999.0	227.60	319.60
98243001.0	232.70	319.30
98243003.0	232.60	319.30
98243005.0	231.40	319.10
98243007.0	232.30	313.10
98243009.0	232.60	313.10
98243011.0	231.20	318.20
98243013.0	230.40	318.00
98243015.0	230.30	318.70
98243017.0	230.50	319.50
98243019.0	230.60	318.50
98243021.0	229.70	318.40
98243023.0	231.20	320.40
98243025.0	232.80	322.20
98243027.0	232.90	322.20
98243029.0	232.50	322.20
98243031.0	232.00	325.70
98243033.0	231.30	325.60
98243035.0	231.10	320.60
98243037.0	228.20	320.20
98243039.0	228.10	321.70
98243041.0	232.80	323.30
98243043.0	232.70	323.20
98243045.0	232.30	323.00
98243047.0	232.10	320.70
98243049.0	232.50	320.70
98243051.0	233.30	318.30
98243053.0	234.90	318.60
98243055.0	234.80	319.90
98243057.0	227.20	318.80
98243059.0	227.10	319.40
98243061.0	231.80	320.00
98243063.0	231.70	319.60
98243065.0	231.60	319.20
98243067.0	228.60	318.80
98243069.0	228.30	321.80
98243071.0	227.80	321.80
98243073.0	227.80	321.10
98243075.0	227.90	320.70
98243077.0	230.90	321.20
98243079.0	231.10	321.50
98243081.0	230.90	321.80
98243083.0	230.70	323.80
98243085.0	235.90	322.20
98243087.0	236.10	320.10
98243089.0	231.30	321.50
98243091.0	231.40	321.60
98243093.0	235.80	323.90
98243095.0	235.80	323.90
98243097.0	234.30	319.60
98243099.0	234.30	319.60
98243101.0	234.30	319.30
98243103.0	229.60	318.60
98243105.0	216.40	318.10
98243107.0	197.80	319.20
98243109.0	171.80	323.80
98243111.0	147.20	320.10
98243113.0	105.60	316.10
98243115.0	92.60	316.40
98243117.0	64.70	316.70
98243119.0	46.80	313.60
98243121.0	30.90	309.40
98243123.0	27.40	306.40
98243125.0	23.00	306.40
98243127.0	26.50	307.80
98243129.0	24.10	317.60
98243131.0	24.10	317.50
98243133.0	35.40	306.20
98243135.0	35.40	306.20
98243137.0	41.70	306.60
98243139.0	39.90	300.80
98243141.0	37.60	299.50
98243143.0	36.70	299.30
98243145.0	35.80	300.10
98243147.0	34.40	304.50
98243149.0	30.20	304.20
98243151.0	30.20	303.20
98243153.0	30.60	303.20
98243155.0	30.50	303.20
98243157.0	30.40	303.10
98243159.0	35.90	303.20
98243161.0	35.80	303.10
98243163.0	36.70	303.20
98243165.0	36.70	303.10
98243167.0	31.30	303.80
98243169.0	31.00	305.30
98243171.0	29.90	313.40
98243173.0	33.20	313.90
98243175.0	34.30	304.10
98243177.0	39.10	304.90
98243179.0	40.30	304.20
98243181.0	40.40	303.30
98243183.0	37.10	302.70
98243185.0	35.40	301.40
98243187.0	35.50	300.50
98243189.0	35.70	298.70
98243191.0	29.70	296.50
98243193.0	29.70	296.70
98243195.0	29.80	296.90
98243197.0	28.70	306.70
98243199.0	32.10	306.80
98243201.0	35.20	306.90
98243203.0	35.30	305.40
98243205.0	34.10	307.40
98243207.0	34.00	307.40
98243209.0	36.50	304.20
98243211.0	36.10	304.10
98243213.0	35.40	306.80
98243215.0	33.20	306.40
98243217.0	32.80	310.10
98243219.0	32.20	313.70
98243221.0	32.20	313.70
98243223.0	33.60	302.20
98243225.0	30.10	301.60
98243227.0	30.10	301.80
98243229.0	33.60	298.90
98243231.0	36.70	299.50
98243233.0	36.00	307.30
98243235.0	37.60	306.30
98243237.0	35.40	304.60
98243239.0	33.20	304.20
98243241.0	33.20	304.20
98243243.0	32.20	306.20
98243245.0	30.30	316.10
98243247.0	30.30	316.10
98243249.0	31.10	309.30
98243251.0	29.20	308.90
98243253.0	29.10	308.90
98243255.0	36.00	308.20
98243257.0	36.20	306.40
98243259.0	35.10	302.70
98243261.0	33.80	299.60
98243263.0	26.60	298.30
98243265.0	25.90	303.50
98243267.0	28.90	304.90
98243269.0	32.00	305.50
98243271.0	32.10	305.10
98243273.0	32.20	304.80
98243275.0	32.10	304.80
98243277.0	33.70	305.90
98243279.0	33.60	306.70
98243281.0	29.60	305.40
98243283.0	26.00	304.10
98243285.0	25.90	304.10
98243287.0	27.90	306.60
98243289.0	26.70	306.40
98243291.0	26.70	306.50
98243293.0	35.40	309.40
98243295.0	35.20	310.60
98243297.0	35.10	310.60
98243299.0	34.90	311.70
98243301.0	34.90	311.60
98243303.0	35.40	307.30
98243305.0	35.20	308.70
98243307.0	35.20	308.70
98243309.0	34.00	308.40
98243311.0	34.50	305.80
98243313.0	34.70	305.80
98243315.0	32.90	305.20
98243317.0	32.90	305.20
98243319.0	29.90	311.90
98243321.0	29.70	311.90
98243323.0	29.70	311.90
98243325.0	30.30	313.10
98243327.0	30.80	313.00
98243329.0	30.90	312.80
98243331.0	30.60	311.20
98243333.0	30.70	311.20
98243335.0	36.30	312.00
98243337.0	36.40	311.80
98243339.0	36.70	310.50
98243341.0	37.00	310.60
98243343.0	36.30	314.90
98243345.0	36.10	316.30
98243347.0	36.10	316.30
98243349.0	36.20	316.50
98243351.0	53.20	319.50
98243353.0	67.40	322.00
98243355.0	102.70	330.00
98243357.0	157.30	338.40
98243359.0	203.00	333.80
98243361.0	271.00	333.40
98243363.0	333.30	332.00
98243365.0	395.40	334.70
98243367.0	466.90	321.60
98243369.0	518.90	321.90
98243371.0	576.10	315.40
98243373.0	626.20	308.00
98243375.0	691.60	312.10
98243377.0	752.70	313.10
98243379.0	804.10	315.50
98243381.0	869.00	306.80
98243383.0	925.50	309.70
98243385.0	984.40	311.30
98243387.0	1045.10	295.50
98243389.0	1099.60	295.00
98243391.0	1164.70	294.50
98243393.0	1224.40	293.60
98243395.0	1278.60	294.10
98243397.0	1339.80	291.90
98243399.0	1394.60	289.70
98243401.0	1446.70	290.20
98243403.0	1507.10	290.80
98243405.0	1556.50	296.60
98243407.0	1623.50	297.30
98243409.0	1675.60	298.20
98243411.0	1729.20	299.30
98243413.0	1773.00	307.70
98243415.0	1826.20	315.30
98243417.0	1872.30	322.00
98243419.0	1932.30	337.00
98243421.0	1965.40	338.30
98243423.0	2012.20	342.30
98243425.0	2069.20	356.70
98243427.0	2107.20	358.60
98243429.0	2158.70	364.10
98243431.0	2204.10	369.60
98243433.0	2246.40	381.80
98243435.0	2289.60	399.00
98243437.0	2332.90	411.30
98243439.0	2358.50	413.40
98243441.0	2397.70	428.30
98243443.0	2433.70	431.70
98243445.0	2468.20	443.40
98243447.0	2498.40	451.00
98243449.0	2518.60	457.70
98243451.0	2544.00	461.90
98243453.0	2544.10	462.90
98243455.0	2539.70	462.50
98243457.0	2531.00	459.50
98243459.0	2529.50	459.30
98243461.0	2529.50	459.30
98243463.0	2531.90	458.90
98243465.0	2533.50	459.10
98243467.0	2543.20	464.00
98243469.0	2545.00	469.50
98243471.0	2549.20	470.00
98243473.0	2549.20	469.90
98243475.0	2548.10	470.50
98243477.0	2548.10	470.50
98243479.0	2547.90	469.50
98243481.0	2544.30	468.10
98243483.0	2539.40	466.60
98243485.0	2539.30	466.60
98243487.0	2538.90	464.00
98243489.0	2539.00	465.10
98243491.0	2543.20	465.60
98243493.0	2543.20	465.60
98243495.0	2541.70	465.40
98243497.0	2539.60	461.30
98243499.0	2540.10	461.00
98243501.0	2540.00	460.50
98243503.0	2540.10	460.30
98243505.0	2540.10	460.30
98243507.0	2540.00	465.80
98243509.0	2539.30	467.40
98243511.0	2536.00	467.20
98243513.0	2534.60	457.10
98243515.0	2534.60	457.10
98243517.0	2531.00	456.70
98243519.0	2532.40	467.40
98243521.0	2532.60	469.00
98243523.0	2533.20	468.60
98243525.0	2533.70	468.20
98243527.0	2533.50	468.20
98243529.0	2533.50	468.20
98243531.0	2533.70	470.20
98243533.0	2533.60	470.20
98243535.0	2533.40	461.10
98243537.0	2533.10	458.80
98243539.0	2528.40	458.30
98243541.0	2529.60	467.50
98243543.0	2529.60	467.50
98243545.0	2530.70	467.50
98243547.0	2534.60	464.20
98243549.0	2534.20	461.80
98243551.0	2533.50	461.70
98243553.0	2533.00	464.00
98243555.0	2532.80	464.00
98243557.0	2532.80	464.10
98243559.0	2533.60	470.70
98243561.0	2533.60	470.70
98243563.0	2532.90	461.30
98243565.0	2532.70	460.60
98243567.0	2531.90	459.30
98243569.0	2528.30	459.00
98243571.0	2529.30	466.10
98243573.0	2529.30	466.10
98243575.0	2529.90	466.20
98243577.0	2530.30	465.00
98243579.0	2531.10	463.90
98243581.0	2533.90	465.30
98243583.0	2534.10	466.50
98243585.0	2534.90	466.60
98243587.0	2534.80	465.90
98243589.0	2533.60	465.00
98243591.0	2532.50	465.20
98243593.0	2532.50	465.20
98243595.0	2532.00	461.80
98243597.0	2531.20	461.70
98243599.0	2530.50	461.10
98243601.0	2531.60	460.90
98243603.0	2531.60	460.80
98243605.0	2525.40	463.20
98243607.0	2524.90	463.10
98243609.0	2523.90	459.00
98243611.0	2523.80	458.40
98243613.0	2523.90	458.40
98243615.0	2524.20	459.80
98243617.0	2529.00	465.30
98243619.0	2528.60	465.30
98243621.0	2528.30	465.20
98243623.0	2528.30	465.30
98243625.0	2527.10	465.30
98243627.0	2527.10	465.40
98243629.0	2529.10	465.60
98243631.0	2526.60	460.20
98243633.0	2524.70	460.00
98243635.0	2524.40	463.60
98243637.0	2523.60	463.50
98243639.0	2524.00	458.90
98243641.0	2524.00	458.80
98243643.0	2523.40	458.80
98243645.0	2522.90	459.80
98243647.0	2522.90	460.40
98243649.0	2521.40	460.30
98243651.0	2521.30	459.40
98243653.0	2524.10	452.90
98243655.0	2522.80	443.40
98243657.0	2530.80	444.40
98243659.0	2539.00	453.00
98243661.0	2579.80	466.50
98243663.0	2634.40	496.90
98243665.0	2693.60	546.30
98243667.0	2765.60	579.40
98243669.0	2842.40	629.30
98243671.0	2918.00	670.10
98243673.0	2976.20	711.10
98243675.0	3043.20	746.50
98243677.0	3116.00	774.30
98243679.0	3163.00	804.10
98243681.0	3236.70	828.70
98243683.0	3270.00	868.40
98243685.0	3270.00	881.30
98243687.0	3270.00	913.70
98243689.0	3270.00	938.00
98243691.0	3270.00	957.50
98243693.0	3270.00	983.30
98243695.0	3270.00	1010.70
98243697.0	3270.00	1022.00
98243699.0	3270.00	1051.70
98243701.0	3270.00	1083.90
98243703.0	3270.00	1104.60
98243705.0	3270.00	1130.70
98243707.0	3270.00	1158.00
98243709.0	3270.00	1190.00
98243711.0	3270.00	1207.10
98243713.0	3270.00	1231.60
98243715.0	3270.00	1260.30
98243717.0	3270.00	1284.30
98243719.0	3270.00	1320.50
98243721.0	3270.00	1350.10
98243723.0	3270.00	1391.50
98243725.0	3270.00	1429.60
98243727.0	3270.00	1470.30
98243729.0	-32768.00	-32768.00
98243731.0	-32768.00	-32768.00
98243733.0	-32768.00	-32768.00
98243735.0	-32768.00	-32768.00
98243737.0	-32768.00	-32768.00
98243739.0	-32768.00	-32768.00
98243741.0	-32768.00	-32768.00
98243743.0	-32768.00	-32768.00
98243745.0	-32768.00	-32768.00
98243747.0	-32768.00	-32768.00
98243749.0	-32768.00	-32768.00
98243751.0	-32768.00	-32768.00
98243753.0	-32768.00	-32768.00
98243755.0	-32768.00	-32768.00
98243757.0	-32768.00	-32768.00
98243759.0	-32768.00	-32768.00
98243761.0	-32768.00	-32768.00
98243763.0	-32768.00	-32768.00
98243765.0	-32768.00	-32768.00
98243767.0	-32768.00	-32768.00
98243769.0	-32768.00	-32768.00
98243771.0	-32768.00	-32768.00
98243773.0	-32768.00	-32768.00
98243775.0	-32768.00	-32768.00
98243777.0	-32768.00	-32768.00
98243779.0	-32768.00	-32768.00
98243781.0	-32768.00	-32768.00
98243783.0	-32768.00	-32768.00
98243785.0	-32768.00	-32768.00
98243787.0	-32768.00	-32768.00
98243789.0	-32768.00	-32768.00
98243791.0	-32768.00	-32768.00
98243793.0	-32768.00	-32768.00
98243795.0	-32768.00	-32768.00
98243797.0	-32768.00	-32768.00
98243799.0	-32768.00	-32768.00
98243801.0	-32768.00	-32768.00
98243803.0	-32768.00	-32768.00
98243805.0	-32768.00	-32768.00
98243807.0	-32768.00	-32768.00
98243809.0	-32768.00	-32768.00
98243811.0	-32768.00	-32768.00
98243813.0	-32768.00	-32768.00
98243815.0	-32768.00	-32768.00
98243817.0	-32768.00	-32768.00
98243819.0	-32768.00	-32768.00
98243821.0	-32768.00	-32768.00
98243823.0	-32768.00	-32768.00
98243825.0	-32768.00	-32768.00
98243827.0	-32768.00	-32768.00
98243829.0	-32768.00	-32768.00
98243831.0	-32768.00	-32768.00
98243833.0	-32768.00	-32768.00
98243835.0	-32768.00	-32768.00
98243837.0	-32768.00	-32768.00
98243839.0	-32768.00	-32768.00
98243841.0	-32768.00	-32768.00
98243843.0	-32768.00	-32768.00
98243845.0	-32768.00	-32768.00
98243847.0	-32768.00	-32768.00
98243849.0	-32768.00	-32768.00
98243851.0	-32768.00	-32768.00
98243853.0	-32768.00	-32768.00
98243855.0	-32768.00	-32768.00
98243857.0	-32768.00	-32768.00
98243859.0	-32768.00	-32768.00
98243861.0	-32768.00	-32768.00
98243863.0	-32768.00	-32768.00
98243865.0	-32768.00	-32768.00
98243867.0	-32768.00	-32768.00
98243869.0	-32768.00	-32768.00
98243871.0	-32768.00	-32768.00
98243873.0	-32768.00	-32768.00
98243875.0	-32768.00	-32768.00
98243877.0	-32768.00	-32768.00
98243879.0	-32768.00	-32768.00
98243881.0	-32768.00	-32768.00
98243883.0	-32768.00	-32768.00
98243885.0	-32768.00	-32768.00
98243887.0	-32768.00	-32768.00
98243889.0	-32768.00	-32768.00
98243891.0	-32768.00	-32768.00
98243893.0	-32768.00	-32768.00
98243895.0	-32768.00	-32768.00
98243897.0	-32768.00	-32768.00
98243899.0	-32768.00	-32768.00
98243901.0	-32768.00	-32768.00
98243903.0	-32768.00	-32768.00
98243905.0	-32768.00	-32768.00
98243907.0	-32768.00	-32768.00
98243909.0	-32768.00	-32768.00
98243911.0	-32768.00	-32768.00
98243913.0	-32768.00	-32768.00
98243915.0	-32768.00	-32768.00
98243917.0	-32768.00	-32768.00
98243919.0	-32768.00	-32768.00
98243921.0	-32768.00	-32768.00
98243923.0	-32768.00	-32768.00
98243925.0	-32768.00	-32768.00
98243927.0	-32768.00	-32768.00
98243929.0	-32768.00	-32768.00
98243931.0	-32768.00	-32768.00
98243933.0	-32768.00	-32768.00
98243935.0	-32768.00	-32768.00
98243937.0	-32768.00	-32768.00
98243939.0	-32768.00	-32768.00
98243941.0	-32768.00	-32768.00
98243943.0	-32768.00	-32768.00
98243945.0	-32768.00	-32768.00
98243947.0	-32768.00	-32768.00
98243949.0	-32768.00	-32768.00
98243951.0	-32768.00	-32768.00
98243953.0	-32768.00	-32768.00
98243955.0	-32768.00	-32768.00
98243957.0	-32768.00	-32768.00
98243959.0	-32768.00	-32768.00
98243961.0	-32768.00	-32768.00
98243963.0	-32768.00	-32768.00
98243965.0	-32768.00	-32768.00
98243967.0	-32768.00	-32768.00
98243969.0	-32768.00	-32768.00
98243971.0	-32768.00	-32768.00
98243973.0	-32768.00	-32768.00
98243975.0	-32768.00	-32768.00
98243977.0	-32768.00	-32768.00
98243979.0	-32768.00	-32768.00
98243981.0	-32768.00	-32768.00
98243983.0	-32768.00	-32768.00
98243985.0	-32768.00	-32768.00
98243987.0	-32768.00	-32768.00
98243989.0	-32768.00	-32768.00
98243991.0	-32768.00	-32768.00
98243993.0	-32768.00	-32768.00
98243995.0	-32768.00	-32768.00
98243997.0	-32768.00	-32768.00
98243999.0	-32768.00	-32768.00
98244001.0	-32768.00	-32768.00
98244003.0	-32768.00	-32768.00
98244005.0	-32768.00	-32768.00
98244007.0	-32768.00	-32768.00
98244009.0	-32768.00	-32768.00
98244011.0	-32768.00	-32768.00
98244013.0	-32768.00	-32768.00
98244015.0	-32768.00	-32768.00
98244017.0	-32768.00	-32768.00
98244019.0	-32768.00	-32768.00
98244021.0	-32768.00	-32768.00
98244023.0	-32768.00	-32768.00
98244025.0	-32768.00	-32768.00
98244027.0	-32768.00	-32768.00
98244029.0	-32768.00	-32768.00
98244031.0	-32768.00	-32768.00
98244033.0	-32768.00	-32768.00
98244035.0	-32768.00	-32768.00
98244037.0	-32768.00	-32768.00
98244039.0	-32768.00	-32768.00
98244041.0	-32768.00	-32768.00
98244043.0	-32768.00	-32768.00
98244045.0	-32768.00	-32768.00
98244047.0	-32768.00	-32768.00
98244049.0	-32768.00	-32768.00
98244051.0	-32768.00	-32768.00
98244053.0	-32768.00	-32768.00
98244055.0	-32768.00	-32768.00
98244057.0	-32768.00	-32768.00
98244059.0	-32768.00	-32768.00
98244061.0	-32768.00	-32768.00
98244063.0	-32768.00	-32768.00
98244065.0	-32768.00	-32768.00
98244067.0	-32768.00	-32768.00
98244069.0	-32768.00	-32768.00
98244071.0	-32768.00	-32768.00
98244073.0	-32768.00	-32768.00
98244075.0	-32768.00	-32768.00
98244077.0	-32768.00	-32768.00
98244079.0	-32768.00	-32768.00
98244081.0	-32768.00	-32768.00
98244083.0	-32768.00	-32768.00
98244085.0	-32768.00	-32768.00
98244087.0	-32768.00	-32768.00
98244089.0	-32768.00	-32768.00
98244091.0	-32768.00	-32768.00
98244093.0	-32768.00	-32768.00
98244095.0	-32768.00	-32768.00
98244097.0	-32768.00	-32768.00
98244099.0	-32768.00	-32768.00
98244101.0	-32768.00	-32768.00
98244103.0	-32768.00	-32768.00
98244105.0	-32768.00	-32768.00
98244107.0	-32768.00	-32768.00
98244109.0	-32768.00	-32768.00
98244111.0	-32768.00	-32768.00
98244113.0	-32768.00	-32768.00
98244115.0	-32768.00	-32768.00
98244117.0	-32768.00	-32768.00
98244119.0	-32768.00	-32768.00
98244121.0	-32768.00	-32768.00
98244123.0	-32768.00	-32768.00
98244125.0	-32768.00	-32768.00
98244127.0	-32768.00	-32768.00
98244129.0	-32768.00	-32768.00
98244131.0	-32768.00	-32768.00
98244133.0	-32768.00	-32768.00
98244135.0	-32768.00	-32768.00
98244137.0	-32768.00	-32768.00
98244139.0	-32768.00	-32768.00
98244141.0	-32768.00	-32768.00
98244143.0	-32768.00	-32768.00
98244145.0	-32768.00	-32768.00
98244147.0	-32768.00	-32768.00
98244149.0	-32768.00	-32768.00
98244151.0	-32768.00	-32768.00
98244153.0	-32768.00	-32768.00
98244155.0	-32768.00	-32768.00
98244157.0	-32768.00	-32768.00
98244159.0	-32768.00	-32768.00
98244161.0	-32768.00	-32768.00
98244163.0	-32768.00	-32768.00
98244165.0	-32768.00	-32768.00
98244167.0	-32768.00	-32768.00
98244169.0	-32768.00	-32768.00
98244171.0	-32768.00	-32768.00
98244173.0	-32768.00	-32768.00
98244175.0	-32768.00	-32768.00
98244177.0	-32768.00	-32768.00
98244179.0	-32768.00	-32768.00
98244181.0	-32768.00	-32768.00
98244183.0	-32768.00	-32768.00
98244185.0	-32768.00	-32768.00
98244187.0	-32768.00	-32768.00
98244189.0	-32768.00	-32768.00
98244191.0	-32768.00	-32768.00
98244193.0	-32768.00	-32768.00
98244195.0	-32768.00	-32768.00
98244197.0	-32768.00	-32768.00
98244199.0	-32768.00	-32768.00
98244201.0	-32768.00	-32768.00
98244203.0	-32768.00	-32768.00
98244205.0	-32768.00	-32768.00
98244207.0	-32768.00	-32768.00
98244209.0	-32768.00	-32768.00
98244211.0	-32768.00	-32768.00
98244213.0	-32768.00	-32768.00
98244215.0	-32768.00	-32768.00
98244217.0	-32768.00	-32768.00
98244219.0	-32768.00	-32768.00
98244221.0	-32768.00	-32768.00
98244223.0	-32768.00	-32768.00
98244225.0	-32768.00	-32768.00
98244227.0	-32768.00	-32768.00
98244229.0	-32768.00	-32768.00
98244231.0	-32768.00	-32768.00
98244233.0	-32768.00	-32768.00
98244235.0	-32768.00	-32768.00
98244237.0	-32768.00	-32768.00
98244239.0	-32768.00	-32768.00
98244241.0	-32768.00	-32768.00
98244243.0	-32768.00	-32768.00
98244245.0	-32768.00	-32768.00
98244247.0	-32768.00	-32768.00
98244249.0	-32768.00	-32768.00
98244251.0	-32768.00	-32768.00
98244253.0	-32768.00	-32768.00
98244255.0	-32768.00	-32768.00
98244257.0	-32768.00	-32768.00
98244259.0	-32768.00	-32768.00
98244261.0	-32768.00	-32768.00
98244263.0	-32768.00	-32768.00
98244265.0	-32768.00	-32768.00
98244267.0	-32768.00	-32768.00
98244269.0	-32768.00	-32768.00
98244271.0	-32768.00	-32768.00
98244273.0	-32768.00	-32768.00
98244275.0	-32768.00	-32768.00
98244277.0	-32768.00	-32768.00
98244279.0	-32768.00	-32768.00
98244281.0	-32768.00	-32768.00
98244283.0	-32768.00	-32768.00
98244285.0	-32768.00	-32768.00
98244287.0	-32768.00	-32768.00
98244289.0	-32768.00	-32768.00
98244291.0	-32768.00	-32768.00
98244293.0	-32768.00	-32768.00
98244295.0	-32768.00	-32768.00
98244297.0	-32768.00	-32768.00
98244299.0	-32768.00	-32768.00
98244301.0	-32768.00	-32768.00
98244303.0	-32768.00	-32768.00
98244305.0	-32768.00	-32768.00
98244307.0	-32768.00	-32768.00
98244309.0	-32768.00	-32768.00
98244311.0	-32768.00	-32768.00
98244313.0	-32768.00	-32768.00
98244315.0	-32768.00	-32768.00
98244317.0	-32768.00	-32768.00
98244319.0	-32768.00	-32768.00
98244321.0	-32768.00	-32768.00
98244323.0	-32768.00	-32768.00
98244325.0	-32768.00	-32768.00
98244327.0	-32768.00	-32768.00
98244329.0	-32768.00	-32768.00
98244331.0	-32768.00	-32768.00
98244333.0	3270.00	852.60
98244335.0	3270.00	778.40
98244337.0	3270.00	765.10
98244339.0	3270.00	701.20
98244341.0	3270.00	716.50
98244343.0	3270.00	854.80
98244345.0	3270.00	939.50
98244347.0	3270.00	1066.90
98244349.0	3270.00	1144.30
98244351.0	3270.00	1282.30
98244353.0	3270.00	1458.70
98244355.0	3270.00	1533.80
98244357.0	3270.00	1595.40
98244359.0	3270.00	1633.50
98244361.0	3270.00	1709.00
98244363.0	3270.00	1728.90
98244365.0	3270.00	1764.50
98244367.0	3270.00	1785.50
98244369.0	3270.00	1802.60
98244371.0	3270.00	1779.70
98244373.0	3270.00	1779.60
98244375.0	-32768.00	-32768.00
98244377.0	-32768.00	-32768.00
98244379.0	-32768.00	-32768.00
98244381.0	-32768.00	-32768.00
98244383.0	-32768.00	-32768.00
98244385.0	-32768.00	-32768.00
98244387.0	-32768.00	-32768.00
98244389.0	-32768.00	-32768.00
98244391.0	-32768.00	-32768.00
98244393.0	-32768.00	-32768.00
98244395.0	-32768.00	-32768.00
98244397.0	-32768.00	-32768.00
98244399.0	-32768.00	-32768.00
98244401.0	-32768.00	-32768.00
98244403.0	-32768.00	-32768.00
98244405.0	-32768.00	-32768.00
98244407.0	-32768.00	-32768.00
98244409.0	-32768.00	-32768.00
98244411.0	-32768.00	-32768.00
98244413.0	-32768.00	-32768.00
98244415.0	-32768.00	-32768.00
98244417.0	-32768.00	-32768.00
98244419.0	-32768.00	-32768.00
98244421.0	-32768.00	-32768.00
98244423.0	-32768.00	-32768.00
98244425.0	-32768.00	-32768.00
98244427.0	-32768.00	-32768.00
98244429.0	-32768.00	-32768.00
98244431.0	-32768.00	-32768.00
98244433.0	-32768.00	-32768.00
98244435.0	-32768.00	-32768.00
98244437.0	-32768.00	-32768.00
98244439.0	-32768.00	-32768.00
98244441.0	-32768.00	-32768.00
98244443.0	-32768.00	-32768.00
98244445.0	-32768.00	-32768.00
98244447.0	-32768.00	-32768.00
98244449.0	-32768.00	-32768.00
98244451.0	-32768.00	-32768.00
98244453.0	-32768.00	-32768.00
98244455.0	-32768.00	-32768.00
98244457.0	-32768.00	-32768.00
98244459.0	-32768.00	-32768.00
98244461.0	-32768.00	-32768.00
98244463.0	-32768.00	-32768.00
98244465.0	-32768.00	-32768.00
98244467.0	-32768.00	-32768.00
98244469.0	-32768.00	-32768.00
98244471.0	-32768.00	-32768.00
98244473.0	-32768.00	-32768.00
98244475.0	-32768.00	-32768.00
98244477.0	-32768.00	-32768.00
98244479.0	-32768.00	-32768.00
98244481.0	-32768.00	-32768.00
98244483.0	-32768.00	-32768.00
98244485.0	-32768.00	-32768.00
98244487.0	-32768.00	-32768.00
98244489.0	-32768.00	-32768.00
98244491.0	-32768.00	-32768.00
98244493.0	-32768.00	-32768.00
98244495.0	-32768.00	-32768.00
98244497.0	-32768.00	-32768.00
98244499.0	-32768.00	-32768.00
98244501.0	-32768.00	-32768.00
98244503.0	-32768.00	-32768.00
98244505.0	-32768.00	-32768.00
98244507.0	-32768.00	-32768.00
98244509.0	-32768.00	-32768.00
98244511.0	-32768.00	-32768.00
98244513.0	-32768.00	-32768.00
98244515.0	-32768.00	-32768.00
98244517.0	-32768.00	-32768.00
98244519.0	-32768.00	-32768.00
98244521.0	-32768.00	-32768.00
98244523.0	-32768.00	-32768.00
98244525.0	-32768.00	-32768.00
98244527.0	-32768.00	-32768.00
98244529.0	-32768.00	-32768.00
98244531.0	-32768.00	-32768.00
98244533.0	-32768.00	-32768.00
98244535.0	-32768.00	-32768.00
98244537.0	-32768.00	-32768.00
98244539.0	-32768.00	-32768.00
98244541.0	-32768.00	-32768.00
98244543.0	-32768.00	-32768.00
98244545.0	-32768.00	-32768.00
98244547.0	-32768.00	-32768.00
98244549.0	-32768.00	-32768.00
98244551.0	-32768.00	-32768.00
98244553.0	-32768.00	-32768.00
98244555.0	-32768.00	-32768.00
98244557.0	-32768.00	-32768.00
98244559.0	-32768.00	-32768.00
98244561.0	-32768.00	-32768.00
98244563.0	-32768.00	-32768.00
98244565.0	-32768.00	-32768.00
98244567.0	-32768.00	-32768.00
98244569.0	-32768.00	-32768.00
98244571.0	-32768.00	-32768.00
98244573.0	-32768.00	-32768.00
98244575.0	-32768.00	-32768.00
98244577.0	-32768.00	-32768.00
98244579.0	-32768.00	-32768.00
98244581.0	-32768.00	-32768.00
98244583.0	-32768.00	-32768.00
98244585.0	-32768.00	-32768.00
98244587.0	-32768.00	-32768.00
98244589.0	-32768.00	-32768.00
98244591.0	-32768.00	-32768.00
98244593.0	-32768.00	-32768.00
98244595.0	-32768.00	-32768.00
98244597.0	-32768.00	-32768.00
98244599.0	-32768.00	-32768.00
98244601.0	-32768.00	-32768.00
98244603.0	-32768.00	-32768.00
98244605.0	-32768.00	-32768.00
98244607.0	3270.00	1512.40
98244609.0	3270.00	1512.40
98244611.0	3270.00	1559.30
98244613.0	3270.00	1690.30
98244615.0	3270.00	1727.10
98244617.0	3270.00	1763.20
98244619.0	3163.40	1868.80
98244621.0	3078.60	1932.80
98244623.0	3005.50	2007.30
98244625.0	2974.10	2023.50
98244627.0	2943.40	2039.00
98244629.0	2943.50	2039.00
98244631.0	-32768.00	-32768.00
98244633.0	2864.50	2067.30
98244635.0	2864.50	2067.30
98244637.0	2636.70	2191.60
98244639.0	2536.20	2234.20
98244641.0	2446.30	2270.40
98244643.0	2441.50	2275.00
98244645.0	2397.60	2286.50
98244647.0	2252.10	2321.40
98244649.0	2248.50	2321.30
98244651.0	2209.70	2319.20
98244653.0	2178.20	2319.10
98244655.0	2096.40	2302.20
98244657.0	2040.50	2275.30
98244659.0	2032.20	2270.20
98244661.0	2032.20	2270.30
98244663.0	1993.00	2248.80
98244665.0	1989.60	2250.60
98244667.0	1967.20	2237.00
98244669.0	1903.50	2199.80
98244671.0	1903.50	2199.80
98244673.0	1848.20	2147.60
98244675.0	1807.30	2100.80
98244677.0	1807.40	2100.90
98244679.0	1832.70	2091.50
98244681.0	1832.70	2091.60
98244683.0	1840.20	2095.00
98244685.0	1840.00	2095.10
98244687.0	1816.30	2050.20
98244689.0	1808.40	2040.30
98244691.0	1799.10	2030.70
98244693.0	1753.50	1937.90
98244695.0	1753.50	1937.90
98244697.0	1747.80	1935.80
98244699.0	1745.20	1927.50
98244701.0	1749.90	1926.20
98244703.0	1756.60	1924.40
98244705.0	1761.00	1937.90
98244707.0	1761.00	1937.90
98244709.0	1737.70	1888.30
98244711.0	1736.10	1882.60
98244713.0	1736.50	1876.50
98244715.0	1738.40	1876.00
98244717.0	1753.60	1873.70
98244719.0	1757.70	1874.20
98244721.0	1757.70	1874.20
98244723.0	1744.50	1866.10
98244725.0	1730.60	1858.10
98244727.0	1712.00	1778.40
98244729.0	1709.40	1779.00
98244731.0	1714.30	1801.90
98244733.0	1722.60	1817.10
98244735.0	1727.00	1814.60
98244737.0	1731.80	1813.50
98244739.0	1731.80	1813.50
98244741.0	1724.20	1806.70
98244743.0	1724.20	1806.70
98244745.0	1726.00	1810.00
98244747.0	1727.90	1813.30
98244749.0	1738.40	1823.60
98244751.0	1738.40	1823.60
98244753.0	1734.20	1816.20
98244755.0	1734.20	1816.20
98244757.0	1731.70	1816.80
98244759.0	1726.40	1793.90
98244761.0	1726.30	1793.90
98244763.0	1726.30	1793.90
98244765.0	1734.30	1783.70
98244767.0	1734.30	1783.70
98244769.0	1734.30	1783.70
98244771.0	1715.60	1750.10
98244773.0	1705.00	1684.00
98244775.0	1706.00	1683.80
98244777.0	1716.10	1714.00
98244779.0	1718.00	1724.50
98244781.0	1720.70	1722.10
98244783.0	1723.80	1721.50
98244785.0	1725.50	1731.40
98244787.0	1725.50	1731.40
98244789.0	1727.30	1731.80
98244791.0	1727.30	1731.80
98244793.0	1722.00	1715.60
98244795.0	1722.10	1716.00
98244797.0	1727.20	1715.40
98244799.0	1726.30	1715.60
98244801.0	1725.80	1712.80
98244803.0	1725.80	1712.80
98244805.0	1723.10	1716.00
98244807.0	1723.10	1716.00
98244809.0	1721.10	1704.40
98244811.0	1722.60	1693.30
98244813.0	1722.60	1693.30
98244815.0	1725.20	1708.90
98244817.0	1724.00	1709.20
98244819.0	1724.80	1716.20
98244821.0	1725.00	1717.40
98244823.0	1727.30	1716.90
98244825.0	1726.90	1714.90
98244827.0	1725.10	1713.20
98244829.0	1704.60	1645.30
98244831.0	1704.60	1645.30
98244833.0	1717.70	1663.10
98244835.0	1717.70	1663.10
98244837.0	1714.10	1671.40
98244839.0	1715.10	1677.40
98244841.0	1714.60	1677.50
98244843.0	1714.10	1677.10
98244845.0	1712.20	1676.90
98244847.0	1711.90	1675.10
98244849.0	1715.00	1672.60
98244851.0	1715.90	1667.90
98244853.0	1719.20	1667.30
98244855.0	1719.20	1667.30
98244857.0	1720.30	1671.70
98244859.0	1721.20	1674.50
98244861.0	1721.30	1674.50
98244863.0	1719.20	1660.50
98244865.0	1719.30	1661.10
98244867.0	1720.40	1661.50
98244869.0	1724.00	1678.50
98244871.0	1724.00	1678.50
98244873.0	1719.60	1670.40
98244875.0	1719.60	1670.40
98244877.0	1727.20	1678.00
98244879.0	1727.20	1678.00
98244881.0	1723.40	1662.20
98244883.0	1721.30	1657.60
98244885.0	1721.40	1658.00
98244887.0	1720.10	1658.20
98244889.0	1720.10	1658.40
98244891.0	1724.70	1657.60
98244893.0	1724.80	1658.00
98244895.0	1723.60	1658.20
98244897.0	1723.60	1658.20
98244899.0	1722.30	1649.40
98244901.0	1722.20	1648.50
98244903.0	1724.60	1647.10
98244905.0	1724.70	1648.30
