3211116.0	1313.10	740.00
3211118.0	1309.00	740.10
3211120.0	1308.90	737.30
3211122.0	1308.00	734.40
3211124.0	1308.80	734.40
3211126.0	1309.70	736.30
3211128.0	1309.90	737.30
3211130.0	1311.40	738.20
3211132.0	1311.60	743.80
3211134.0	1314.20	743.70
3211136.0	1314.20	743.70
3211138.0	1309.00	744.10
3211140.0	1309.00	744.10
3211142.0	1312.20	744.20
3211144.0	1312.60	744.20
3211146.0	1312.10	741.70
3211148.0	1312.10	741.80
3211150.0	1312.50	742.00
3211152.0	1313.00	742.00
3211154.0	1316.80	741.90
3211156.0	1315.60	742.80
3211158.0	1314.30	742.90
3211160.0	1313.40	748.10
3211162.0	1312.10	748.20
3211164.0	1312.00	747.20
3211166.0	1309.50	746.30
3211168.0	1309.30	736.60
3211170.0	1309.40	736.60
3211172.0	1309.30	734.10
3211174.0	1309.30	734.00
3211176.0	1310.30	733.90
3211178.0	1311.40	734.20
3211180.0	1321.10	737.30
3211182.0	1321.10	736.60
3211184.0	1321.60	736.60
3211186.0	1322.20	735.60
3211188.0	1322.20	735.70
3211190.0	1318.30	735.90
3211192.0	1318.10	730.40
3211194.0	1319.40	730.40
3211196.0	1319.60	737.30
3211198.0	1315.50	737.60
3211200.0	1315.50	736.00
3211202.0	1316.70	736.10
3211204.0	1317.00	736.10
3211206.0	1317.00	736.20
3211208.0	1315.90	736.40
3211210.0	1315.40	737.60
3211212.0	1313.90	737.70
3211214.0	1314.70	737.60
3211216.0	1315.50	736.50
3211218.0	1315.90	736.50
3211220.0	1316.20	734.10
3211222.0	1316.20	734.10
3211224.0	1316.90	738.00
3211226.0	1317.40	738.20
3211228.0	1317.40	738.40
3211230.0	1310.90	738.80
3211232.0	1310.90	737.70
3211234.0	1314.50	737.60
3211236.0	1314.60	742.00
3211238.0	1315.60	742.00
3211240.0	1315.50	739.50
3211242.0	1318.70	739.30
3211244.0	1317.20	738.10
3211246.0	1317.00	736.80
3211248.0	1316.70	733.60
3211250.0	1316.80	733.60
3211252.0	1320.40	733.40
3211254.0	1320.50	733.40
3211256.0	1316.60	731.40
3211258.0	1315.70	731.50
3211260.0	1315.80	735.80
3211262.0	1314.50	736.70
3211264.0	1314.50	734.60
3211266.0	1314.50	733.20
3211268.0	1313.60	733.70
3211270.0	1313.90	740.90
3211272.0	1314.80	741.20
3211274.0	1315.60	740.70
3211276.0	1318.40	740.60
3211278.0	1318.50	740.70
3211280.0	1318.80	735.80
3211282.0	1319.20	734.70
3211284.0	1319.20	734.80
3211286.0	1318.30	736.80
3211288.0	1317.80	739.40
3211290.0	1317.60	742.10
3211292.0	1317.80	743.20
3211294.0	1317.80	743.50
3211296.0	1317.90	745.50
3211298.0	1317.90	747.70
3211300.0	1317.90	752.00
3211302.0	1317.00	752.80
3211304.0	1317.20	747.90
3211306.0	1318.20	748.00
3211308.0	1318.30	748.00
3211310.0	1322.50	748.00
3211312.0	1322.60	749.00
3211314.0	1322.40	750.00
3211316.0	1322.50	750.30
3211318.0	1324.70	748.40
3211320.0	1325.00	748.70
3211322.0	1321.90	749.20
3211324.0	1322.20	750.80
3211326.0	1322.30	751.20
3211328.0	1317.60	750.40
3211330.0	1317.80	750.90
3211332.0	1322.30	746.80
3211334.0	1328.00	747.00
3211336.0	1327.90	749.00
3211338.0	1327.80	750.90
3211340.0	1327.80	751.20
3211342.0	1327.70	751.60
3211344.0	1325.30	750.90
3211346.0	1324.30	751.20
3211348.0	1323.20	749.10
3211350.0	1322.60	749.00
3211352.0	1322.10	749.20
3211354.0	1322.30	752.80
3211356.0	1325.40	752.90
3211358.0	1325.50	756.60
3211360.0	1323.70	756.80
3211362.0	1323.70	755.90
3211364.0	1326.60	754.80
3211366.0	1326.30	745.70
3211368.0	1324.70	745.70
3211370.0	1324.90	754.60
3211372.0	1324.70	754.60
3211374.0	1324.50	755.60
3211376.0	1324.50	755.60
3211378.0	1323.60	750.50
3211380.0	1323.60	750.50
3211382.0	1326.20	750.30
3211384.0	1329.60	751.50
3211386.0	1329.60	751.80
3211388.0	1328.50	751.80
3211390.0	1328.40	748.50
3211392.0	1328.00	748.50
3211394.0	1327.80	751.80
3211396.0	1324.40	752.00
3211398.0	1324.70	750.80
3211400.0	1325.10	750.90
3211402.0	1324.10	748.70
3211404.0	1323.20	748.50
3211406.0	1323.10	748.40
3211408.0	1331.20	749.20
3211410.0	1331.10	749.00
3211412.0	1329.00	749.10
3211414.0	1329.20	757.10
3211416.0	1330.30	756.90
3211418.0	1330.30	755.10
3211420.0	1328.00	746.10
3211422.0	1329.50	746.50
3211424.0	1331.00	746.40
3211426.0	1330.90	744.30
3211428.0	1329.20	744.50
3211430.0	1327.60	744.80
3211432.0	1319.90	746.20
3211434.0	1320.00	746.60
3211436.0	1322.00	746.50
3211438.0	1324.00	746.80
3211440.0	1329.30	746.50
3211442.0	1329.30	745.10
3211444.0	1329.20	743.70
3211446.0	1329.00	743.20
3211448.0	1328.70	739.00
3211450.0	1328.50	738.50
3211452.0	1328.60	738.50
3211454.0	1329.40	738.40
3211456.0	1330.30	741.60
3211458.0	1335.30	741.30
3211460.0	1335.30	741.00
3211462.0	1335.80	740.80
3211464.0	1335.80	740.80
3211466.0	1333.60	744.20
3211468.0	1331.40	744.00
3211470.0	1333.50	743.80
3211472.0	1333.50	743.30
3211474.0	1329.40	743.40
3211476.0	1325.50	744.30
3211478.0	1325.60	750.20
3211480.0	1333.20	749.80
3211482.0	1333.20	744.70
3211484.0	1332.80	744.70
3211486.0	1332.80	744.70
3211488.0	1332.80	745.60
3211490.0	1332.60	745.60
3211492.0	1332.50	749.90
3211494.0	1332.50	748.00
3211496.0	1332.80	748.70
3211498.0	1332.80	749.40
3211500.0	1329.90	749.00
3211502.0	1325.10	748.80
3211504.0	1325.00	742.70
3211506.0	1325.30	742.90
3211508.0	1325.50	746.90
3211510.0	1326.40	747.00
3211512.0	1326.40	745.80
3211514.0	1325.80	746.30
3211516.0	1325.80	746.20
3211518.0	1325.10	743.20
3211520.0	1325.20	745.10
3211522.0	1326.60	745.20
3211524.0	1328.10	743.10
3211526.0	1328.20	740.90
3211528.0	1329.90	740.50
3211530.0	1328.80	740.20
3211532.0	1328.70	737.60
3211534.0	1331.10	737.30
3211536.0	1331.20	742.30
3211538.0	1327.10	748.00
3211540.0	1327.10	747.80
3211542.0	1325.90	742.90
3211544.0	1325.80	742.80
3211546.0	1327.80	744.60
3211548.0	1328.00	744.50
3211550.0	1328.00	744.80
3211552.0	1327.90	744.70
3211554.0	1339.00	744.10
3211556.0	1339.20	753.40
3211558.0	1333.80	753.70
3211560.0	1333.60	744.80
3211562.0	1330.10	745.00
3211564.0	1331.40	745.10
3211566.0	1331.10	745.20
3211568.0	1330.70	742.50
3211570.0	1329.50	742.50
3211572.0	1329.50	743.60
3211574.0	1333.10	743.40
3211576.0	1333.00	740.90
3211578.0	1333.60	740.90
3211580.0	1333.60	740.90
3211582.0	1331.30	741.00
3211584.0	1331.40	741.20
3211586.0	1331.40	741.20
3211588.0	1327.00	738.60
3211590.0	1326.70	738.60
3211592.0	1327.30	730.80
3211594.0	1328.10	730.70
3211596.0	1333.70	732.10
3211598.0	1333.40	732.00
3211600.0	1333.40	732.00
3211602.0	1341.40	736.60
3211604.0	1341.40	736.60
3211606.0	1337.70	736.80
3211608.0	1337.50	735.50
3211610.0	1337.30	735.50
3211612.0	1335.80	740.90
3211614.0	1336.80	742.30
3211616.0	1337.70	742.10
3211618.0	1337.50	736.80
3211620.0	1337.50	736.60
3211622.0	1337.10	737.80
3211624.0	1336.80	737.70
3211626.0	1335.90	737.70
3211628.0	1336.30	744.20
3211630.0	1336.30	744.20
3211632.0	1336.10	736.50
3211634.0	1336.90	736.30
3211636.0	1337.60	731.90
3211638.0	1338.10	731.80
3211640.0	1338.00	731.80
3211642.0	1337.80	731.90
3211644.0	1333.40	732.30
3211646.0	1333.40	732.50
3211648.0	1333.40	732.50
3211650.0	1339.90	732.20
3211652.0	1343.10	730.50
3211654.0	1345.20	729.60
3211656.0	1346.60	730.80
3211658.0	1347.30	731.40
3211660.0	1348.10	730.70
3211662.0	1348.20	730.50
3211664.0	1348.70	730.60
3211666.0	1348.70	730.60
3211668.0	1337.30	729.80
3211670.0	1337.20	728.70
3211672.0	1338.80	728.10
3211674.0	1343.10	727.60
3211676.0	1343.10	727.50
3211678.0	1351.90	727.30
3211680.0	1352.50	726.70
3211682.0	1352.40	725.90
3211684.0	1351.30	726.00
3211686.0	1343.60	726.60
3211688.0	1343.60	726.70
3211690.0	1347.00	726.80
3211692.0	1345.00	726.80
3211694.0	1345.00	726.50
3211696.0	1345.40	727.20
3211698.0	1345.80	726.90
3211700.0	1345.90	726.90
3211702.0	1345.80	726.80
3211704.0	1346.60	717.60
3211706.0	1347.60	718.20
3211708.0	1349.30	718.60
3211710.0	1350.30	718.20
3211712.0	1355.10	717.60
3211714.0	1355.10	717.40
3211716.0	1355.10	716.90
3211718.0	1355.00	716.60
3211720.0	1354.20	717.00
3211722.0	1353.40	716.70
3211724.0	1351.10	715.50
3211726.0	1350.10	713.80
3211728.0	1350.10	713.80
3211730.0	1354.20	714.90
3211732.0	1354.20	716.20
3211734.0	1354.20	716.20
3211736.0	1353.30	715.20
3211738.0	1353.40	715.60
3211740.0	1353.40	715.50
3211742.0	1353.30	715.30
3211744.0	1353.40	717.60
3211746.0	1353.90	716.70
3211748.0	1354.40	716.80
3211750.0	1363.30	716.60
3211752.0	1363.50	718.50
3211754.0	1363.90	720.40
3211756.0	1364.00	719.00
3211758.0	1357.80	718.20
3211760.0	1357.80	718.30
3211762.0	1352.30	720.90
3211764.0	1352.40	721.10
3211766.0	1354.60	721.20
3211768.0	1354.50	717.60
3211770.0	1356.10	717.50
3211772.0	1359.40	721.10
3211774.0	1367.20	718.50
3211776.0	1367.10	718.20
3211778.0	1360.90	718.30
3211780.0	1360.90	717.30
3211782.0	1359.80	715.50
3211784.0	1359.90	715.70
3211786.0	1359.90	716.40
3211788.0	1355.90	716.70
3211790.0	1355.80	713.10
3211792.0	1355.80	713.00
3211794.0	1356.70	707.00
3211796.0	1358.40	706.70
3211798.0	1358.40	708.50
3211800.0	1356.60	710.50
3211802.0	1352.90	710.80
3211804.0	1352.90	709.80
3211806.0	1358.60	709.60
3211808.0	1362.30	711.50
3211810.0	1362.30	711.20
3211812.0	1359.80	711.40
3211814.0	1358.80	711.50
3211816.0	1360.40	714.50
3211818.0	1360.50	716.70
3211820.0	1357.00	716.90
3211822.0	1357.00	716.20
3211824.0	1357.00	716.20
3211826.0	1356.90	716.00
3211828.0	1355.40	715.80
3211830.0	1355.30	715.00
3211832.0	1355.40	714.90
3211834.0	1355.60	714.30
3211836.0	1354.10	713.80
3211838.0	1354.10	712.30
3211840.0	1357.10	707.00
3211842.0	1354.30	707.20
3211844.0	1354.30	709.10
3211846.0	1358.50	710.40
3211848.0	1358.60	710.40
3211850.0	1361.30	710.20
3211852.0	1361.90	710.20
3211854.0	1364.10	716.80
3211856.0	1364.10	717.10
3211858.0	1357.50	717.40
3211860.0	1357.50	717.90
3211862.0	1355.40	717.60
3211864.0	1356.00	718.60
3211866.0	1356.50	719.50
3211868.0	1354.20	719.90
3211870.0	1351.90	720.00
3211872.0	1351.80	715.80
3211874.0	1353.50	715.80
3211876.0	1354.70	713.70
3211878.0	1356.90	713.70
3211880.0	1359.20	717.70
3211882.0	1357.50	717.90
3211884.0	1357.60	718.00
3211886.0	1366.90	719.70
3211888.0	1366.90	719.20
3211890.0	1367.80	718.80
3211892.0	1367.50	714.50
3211894.0	1367.40	714.60
3211896.0	1365.00	714.50
3211898.0	1361.90	714.30
3211900.0	1361.90	712.30
3211902.0	1361.80	712.10
3211904.0	1357.40	712.50
3211906.0	1357.40	712.50
3211908.0	1358.00	714.50
3211910.0	1358.00	716.30
3211912.0	1354.90	716.20
3211914.0	1354.80	715.90
3211916.0	1357.40	715.90
3211918.0	1359.00	714.80
3211920.0	1358.50	714.90
3211922.0	1358.70	713.00
3211924.0	1359.00	712.80
3211926.0	1363.10	712.70
3211928.0	1364.10	711.80
3211930.0	1364.20	711.70
3211932.0	1364.20	710.40
3211934.0	1364.30	710.40
3211936.0	1359.70	710.70
3211938.0	1359.70	710.70
3211940.0	1359.30	718.10
3211942.0	1359.30	718.20
3211944.0	1357.70	716.50
3211946.0	1357.30	716.50
3211948.0	1357.00	716.30
3211950.0	1356.10	720.30
3211952.0	1358.20	725.10
3211954.0	1358.30	725.20
3211956.0	1360.10	724.10
3211958.0	1361.90	724.10
3211960.0	1362.00	724.10
3211962.0	1359.60	720.80
3211964.0	1359.60	720.90
3211966.0	1359.70	721.40
3211968.0	1360.50	721.40
3211970.0	1361.30	721.40
3211972.0	1366.00	720.90
3211974.0	1366.00	720.50
3211976.0	1367.50	717.50
3211978.0	1367.60	717.70
3211980.0	1361.40	718.30
3211982.0	1361.50	719.00
3211984.0	1359.40	719.20
3211986.0	1359.40	720.30
3211988.0	1357.30	720.40
3211990.0	1357.20	717.20
3211992.0	1359.60	716.40
3211994.0	1359.50	713.90
3211996.0	1359.50	713.90
3211998.0	1361.50	714.60
3212000.0	1361.60	715.50
3212002.0	1360.40	723.30
3212004.0	1359.10	723.40
3212006.0	1358.80	723.00
3212008.0	1358.90	722.70
3212010.0	1358.90	721.10
3212012.0	1358.50	716.40
3212014.0	1358.10	716.40
3212016.0	1357.90	719.90
3212018.0	1359.60	719.80
3212020.0	1359.10	719.80
3212022.0	1359.10	718.20
3212024.0	1359.70	718.20
3212026.0	1362.30	722.00
3212028.0	1360.90	722.10
3212030.0	1359.50	719.90
3212032.0	1358.40	712.30
3212034.0	1346.00	707.30
3212036.0	1332.50	706.20
3212038.0	1327.00	704.40
3212040.0	1308.20	691.20
3212042.0	1289.60	692.20
3212044.0	1277.60	671.40
3212046.0	1271.90	670.20
3212048.0	1258.30	663.10
3212050.0	1256.30	663.30
3212052.0	1252.00	663.90
3212054.0	1245.00	669.10
3212056.0	1238.50	669.40
3212058.0	1233.30	662.30
3212060.0	1228.90	660.60
3212062.0	1228.90	661.00
3212064.0	1234.70	660.70
3212066.0	1234.70	660.70
3212068.0	1234.80	664.90
3212070.0	1238.00	662.80
3212072.0	1237.90	660.90
3212074.0	1231.00	662.30
3212076.0	1231.00	662.40
3212078.0	1231.00	661.20
3212080.0	1227.80	657.80
3212082.0	1225.30	657.90
3212084.0	1225.30	657.10
3212086.0	1224.90	657.00
3212088.0	1224.90	657.00
3212090.0	1226.30	662.40
3212092.0	1227.60	662.30
3212094.0	1231.40	662.20
3212096.0	1231.40	662.20
3212098.0	1230.10	662.40
3212100.0	1222.00	662.90
3212102.0	1222.00	664.40
3212104.0	1223.30	665.80
3212106.0	1225.10	665.70
3212108.0	1228.80	665.50
3212110.0	1228.80	665.60
3212112.0	1228.20	661.10
3212114.0	1227.70	661.20
3212116.0	1227.60	667.80
3212118.0	1227.30	667.80
3212120.0	1226.20	667.90
3212122.0	1224.30	667.80
3212124.0	1224.30	667.80
3212126.0	1225.90	670.30
3212128.0	1226.40	670.30
3212130.0	1226.60	670.90
3212132.0	1226.60	670.90
3212134.0	1226.60	671.20
3212136.0	1226.90	671.20
3212138.0	1227.30	671.50
3212140.0	1227.70	671.50
3212142.0	1226.70	671.60
3212144.0	1226.80	677.50
3212146.0	1231.70	677.30
3212148.0	1231.70	678.20
3212150.0	1231.30	678.40
3212152.0	1230.90	678.50
3212154.0	1232.80	678.70
3212156.0	1232.80	678.70
3212158.0	1230.80	679.60
3212160.0	1230.90	680.10
3212162.0	1230.90	680.00
3212164.0	1232.00	681.50
3212166.0	1231.80	681.50
3212168.0	1231.60	681.00
3212170.0	1230.20	675.40
3212172.0	1230.20	674.40
3212174.0	1230.20	673.50
3212176.0	1226.50	670.80
3212178.0	1226.50	670.80
3212180.0	1226.90	672.30
3212182.0	1226.90	672.50
3212184.0	1231.20	672.40
3212186.0	1245.10	696.60
3212188.0	1260.80	706.50
3212190.0	1273.90	707.90
3212192.0	1281.40	715.20
3212194.0	1295.60	721.00
3212196.0	1298.40	724.90
3212198.0	1318.10	734.40
3212200.0	1320.80	734.30
3212202.0	1322.20	738.50
3212204.0	1323.00	742.70
3212206.0	1330.40	746.70
3212208.0	1332.10	746.60
3212210.0	1331.80	757.00
3212212.0	1331.20	757.00
3212214.0	1333.10	756.30
3212216.0	1333.40	756.30
3212218.0	1333.70	756.50
3212220.0	1334.20	756.50
3212222.0	1338.50	749.20
3212224.0	1338.50	747.80
3212226.0	1335.00	747.90
3212228.0	1333.80	747.30
3212230.0	1333.80	747.20
3212232.0	1335.70	746.70
3212234.0	1335.40	746.70
3212236.0	1335.70	756.90
3212238.0	1339.80	756.70
3212240.0	1340.40	751.00
3212242.0	1341.20	751.00
3212244.0	1340.20	751.00
3212246.0	1339.10	750.10
3212248.0	1339.10	749.20
3212250.0	1340.10	749.50
3212252.0	1340.40	749.50
3212254.0	1340.30	746.50
3212256.0	1339.70	746.10
3212258.0	1339.70	746.10
3212260.0	1341.20	748.90
3212262.0	1340.60	749.80
3212264.0	1340.60	749.80
3212266.0	1339.50	749.90
3212268.0	1339.50	750.00
3212270.0	1340.10	749.90
3212272.0	1340.60	749.90
3212274.0	1342.10	749.80
3212276.0	1343.60	748.40
3212278.0	1345.90	748.30
3212280.0	1346.00	753.00
3212282.0	1347.20	753.00
3212284.0	1348.20	747.30
3212286.0	1348.70	747.20
3212288.0	1348.70	747.20
3212290.0	1350.40	747.20
3212292.0	1349.70	747.40
3212294.0	1349.00	747.40
3212296.0	1349.50	742.60
3212298.0	1349.60	744.00
3212300.0	1350.60	745.40
3212302.0	1351.50	745.90
3212304.0	1351.00	746.30
3212306.0	1350.50	746.30
3212308.0	1350.50	746.00
3212310.0	1351.00	745.90
3212312.0	1351.10	747.10
3212314.0	1351.10	747.10
3212316.0	1350.40	742.10
3212318.0	1350.40	742.10
3212320.0	1351.10	745.00
3212322.0	1356.20	745.40
3212324.0	1356.20	745.50
3212326.0	1354.00	745.60
3212328.0	1354.00	743.80
3212330.0	1353.80	744.30
3212332.0	1353.80	744.90
3212334.0	1355.00	744.80
3212336.0	1355.00	744.80
3212338.0	1356.10	745.80
3212340.0	1356.10	745.80
3212342.0	1350.80	740.80
3212344.0	1350.80	740.80
3212346.0	1355.80	741.10
3212348.0	1355.90	744.00
3212350.0	1355.00	741.60
3212352.0	1355.00	741.60
3212354.0	1357.60	741.40
3212356.0	1359.00	741.30
3212358.0	1359.10	744.10
3212360.0	1352.50	746.60
3212362.0	1352.50	746.60
3212364.0	1352.40	746.60
3212366.0	1352.40	746.60
3212368.0	1357.80	747.30
3212370.0	1358.30	747.30
3212372.0	1358.10	741.60
3212374.0	1356.30	739.80
3212376.0	1356.30	739.80
3212378.0	1360.20	741.80
3212380.0	1360.20	741.80
3212382.0	1359.50	742.10
3212384.0	1359.50	742.10
3212386.0	1360.90	741.00
3212388.0	1360.90	740.30
3212390.0	1361.90	738.50
3212392.0	1362.90	738.40
3212394.0	1360.40	737.10
3212396.0	1358.00	737.80
3212398.0	1356.70	738.40
3212400.0	1354.50	740.00
3212402.0	1354.10	741.30
3212404.0	1354.10	741.30
3212406.0	1351.90	741.20
3212408.0	1351.80	740.50
3212410.0	1354.00	739.90
3212412.0	1353.90	735.70
3212414.0	1352.50	735.80
3212416.0	1351.00	736.00
3212418.0	1352.50	741.00
3212420.0	1352.40	739.70
3212422.0	1351.10	738.30
3212424.0	1351.70	739.60
3212426.0	1352.20	740.70
3212428.0	1355.00	740.60
3212430.0	1354.90	739.80
3212432.0	1354.70	739.80
3212434.0	1351.10	744.60
3212436.0	1353.30	744.80
3212438.0	1352.80	743.80
3212440.0	1352.80	743.80
3212442.0	1353.30	743.70
3212444.0	1353.30	743.00
3212446.0	1354.40	742.10
3212448.0	1353.90	742.60
3212450.0	1353.30	742.60
3212452.0	1353.40	743.70
3212454.0	1356.20	744.60
3212456.0	1356.30	744.90
3212458.0	1356.30	745.10
3212460.0	1356.30	745.30
3212462.0	1352.50	745.50
3212464.0	1352.30	740.90
3212466.0	1352.40	740.90
3212468.0	1357.70	739.90
3212470.0	1357.30	739.90
3212472.0	1357.30	739.90
3212474.0	1357.30	739.90
3212476.0	1357.00	740.80
3212478.0	1356.70	741.30
3212480.0	1354.10	741.50
3212482.0	1354.20	745.90
3212484.0	1353.80	746.00
3212486.0	1353.90	748.90
3212488.0	1353.50	748.90
3212490.0	1353.60	749.90
3212492.0	1353.60	750.80
3212494.0	1353.70	751.50
3212496.0	1356.50	752.40
3212498.0	1356.50	753.20
3212500.0	1354.80	753.30
3212502.0	1354.90	754.60
3212504.0	1360.50	754.30
3212506.0	1360.90	754.50
3212508.0	1361.20	754.60
3212510.0	1361.20	754.50
3212512.0	1357.10	754.60
3212514.0	1354.80	756.30
3212516.0	1349.70	756.60
3212518.0	1349.70	756.10
3212520.0	1350.00	755.60
3212522.0	1350.00	754.90
3212524.0	1349.90	754.20
3212526.0	1356.00	752.40
3212528.0	1357.10	752.10
3212530.0	1355.60	752.20
3212532.0	1354.10	751.90
3212534.0	1354.10	751.90
3212536.0	1353.20	752.90
3212538.0	1352.60	753.80
3212540.0	1352.60	755.10
3212542.0	1351.90	757.90
3212544.0	1351.90	757.90
3212546.0	1352.40	756.50
3212548.0	1352.90	755.20
3212550.0	1352.80	747.30
3212552.0	1353.00	746.30
3212554.0	1356.20	745.10
3212556.0	1356.80	742.80
3212558.0	1359.60	735.10
3212560.0	1359.40	730.10
3212562.0	1351.30	718.80
3212564.0	1351.00	707.20
3212566.0	1338.30	707.40
3212568.0	1326.40	684.00
3212570.0	1308.70	684.90
3212572.0	1298.50	682.80
3212574.0	1289.70	681.10
3212576.0	1289.20	669.20
3212578.0	1289.50	659.30
3212580.0	1289.70	639.30
3212582.0	1295.20	639.00
3212584.0	1302.30	638.20
3212586.0	1307.20	637.90
3212588.0	1308.50	685.40
3212590.0	1314.70	682.60
3212592.0	1317.80	682.40
3212594.0	1318.10	694.10
3212596.0	1322.60	729.70
3212598.0	1326.00	772.50
3212600.0	1326.40	784.30
3212602.0	1332.10	784.50
3212604.0	1329.60	784.60
3212606.0	1329.80	792.30
3212608.0	1341.80	792.70
3212610.0	1341.80	793.60
3212612.0	1331.50	813.60
3212614.0	1331.20	806.80
3212616.0	1323.40	800.40
3212618.0	1321.90	753.00
3212620.0	1313.90	753.50
3212622.0	1313.70	746.90
3212624.0	1317.50	740.10
3212626.0	1317.70	715.80
3212628.0	1317.10	694.00
3212630.0	1307.60	692.70
3212632.0	1305.50	692.80
3212634.0	1303.50	697.40
3212636.0	1303.50	697.40
3212638.0	1305.00	689.40
3212640.0	1306.60	688.90
3212642.0	1305.40	698.20
3212644.0	1305.50	707.40
3212646.0	1321.80	724.20
3212648.0	1321.70	723.80
3212650.0	1324.10	725.20
3212652.0	1327.30	726.40
3212654.0	1332.60	735.00
3212656.0	1333.80	755.40
3212658.0	1334.50	759.30
3212660.0	1334.40	759.20
3212662.0	1334.50	763.60
3212664.0	1339.30	763.60
3212666.0	1338.80	763.70
3212668.0	1338.90	784.20
3212670.0	1338.90	784.30
3212672.0	1338.10	784.40
3212674.0	1338.20	793.40
3212676.0	1338.20	793.40
3212678.0	1338.50	802.60
3212680.0	1338.70	806.10
3212682.0	1339.00	812.30
3212684.0	1339.40	812.50
3212686.0	1340.10	819.30
3212688.0	1341.10	817.90
3212690.0	1341.20	818.00
3212692.0	1340.10	818.80
3212694.0	1338.90	819.70
3212696.0	1339.90	825.10
3212698.0	1339.90	825.20
3212700.0	1340.20	825.00
3212702.0	1340.30	824.80
3212704.0	1337.00	825.30
3212706.0	1337.00	825.70
3212708.0	1337.10	826.00
3212710.0	1337.20	825.60
3212712.0	1337.10	825.90
3212714.0	1337.30	828.40
3212716.0	1336.50	828.70
3212718.0	1336.50	826.50
3212720.0	1336.30	826.70
3212722.0	1336.30	827.20
3212724.0	1336.30	827.30
3212726.0	1336.30	825.30
3212728.0	1336.30	825.40
3212730.0	1336.40	825.50
3212732.0	1336.60	829.90
3212734.0	1341.40	829.80
3212736.0	1341.40	830.60
3212738.0	1335.50	831.00
3212740.0	1337.30	830.20
3212742.0	1337.30	829.50
3212744.0	1337.00	829.70
3212746.0	1337.10	829.80
3212748.0	1339.70	834.10
3212750.0	1345.20	834.90
3212752.0	1345.30	838.70
3212754.0	1344.70	838.80
3212756.0	1343.80	833.10
3212758.0	1339.00	833.50
3212760.0	1339.00	831.40
3212762.0	1339.00	831.50
3212764.0	1341.40	833.80
3212766.0	1341.40	833.80
3212768.0	1341.30	832.60
3212770.0	1340.40	832.60
3212772.0	1339.50	832.30
3212774.0	1339.50	832.30
3212776.0	1339.90	837.60
3212778.0	1339.90	837.60
3212780.0	1339.80	839.00
3212782.0	1339.80	839.00
3212784.0	1339.00	830.40
3212786.0	1339.00	830.40
3212788.0	1339.20	835.40
3212790.0	1338.80	835.40
3212792.0	1338.90	838.30
3212794.0	1338.80	838.20
3212796.0	1340.40	837.90
3212798.0	1340.40	837.70
3212800.0	1334.90	838.00
3212802.0	1334.90	837.20
3212804.0	1335.80	837.10
3212806.0	1336.80	837.10
3212808.0	1337.10	835.80
3212810.0	1337.40	836.20
3212812.0	1340.90	836.40
3212814.0	1341.20	842.20
3212816.0	1337.00	842.40
3212818.0	1337.00	843.20
3212820.0	1337.00	843.10
3212822.0	1335.40	840.70
3212824.0	1335.30	840.80
3212826.0	1335.10	840.80
3212828.0	1335.10	840.80
3212830.0	1337.60	843.30
3212832.0	1339.80	843.20
3212834.0	1339.50	836.00
3212836.0	1338.60	836.00
3212838.0	1338.80	841.70
3212840.0	1338.70	841.70
3212842.0	1338.60	841.60
3212844.0	1337.60	841.30
3212846.0	1337.40	842.10
3212848.0	1337.30	842.20
3212850.0	1338.90	841.90
3212852.0	1339.00	845.70
3212854.0	1335.70	848.30
3212856.0	1334.00	848.30
3212858.0	1333.90	844.60
3212860.0	1334.60	837.40
3212862.0	1335.60	837.30
3212864.0	1340.40	841.60
3212866.0	1340.50	845.30
3212868.0	1341.80	845.20
3212870.0	1341.80	847.90
3212872.0	1341.70	847.90
3212874.0	1337.60	843.20
3212876.0	1337.60	843.20
3212878.0	1334.70	847.70
3212880.0	1334.70	847.70
3212882.0	1334.50	847.60
3212884.0	1334.50	847.60
3212886.0	1334.80	847.50
3212888.0	1334.70	846.10
3212890.0	1335.00	845.00
3212892.0	1335.40	845.00
3212894.0	1336.20	844.40
3212896.0	1336.20	844.40
3212898.0	1333.00	844.50
3212900.0	1332.80	846.20
3212902.0	1332.90	846.10
3212904.0	1333.00	843.20
3212906.0	1334.00	841.10
3212908.0	1333.40	841.10
3212910.0	1333.40	841.10
3212912.0	1334.40	841.00
3212914.0	1334.40	841.90
3212916.0	1334.40	841.50
3212918.0	1343.40	841.00
3212920.0	1343.40	840.90
3212922.0	1343.40	840.70
3212924.0	1338.30	840.90
3212926.0	1334.70	847.20
3212928.0	1322.90	847.80
3212930.0	1304.40	848.70
3212932.0	1282.00	854.60
3212934.0	1236.10	865.20
3212936.0	1187.40	867.80
3212938.0	1134.60	864.20
3212940.0	1087.00	858.70
3212942.0	1042.10	855.10
3212944.0	1005.60	849.20
3212946.0	962.40	849.30
3212948.0	922.50	851.40
3212950.0	897.30	861.30
3212952.0	855.60	863.50
3212954.0	809.20	876.90
3212956.0	778.70	879.40
3212958.0	752.70	889.50
3212960.0	727.60	890.70
3212962.0	707.60	890.40
3212964.0	680.40	889.80
3212966.0	668.70	890.80
3212968.0	660.40	891.90
3212970.0	658.80	894.30
3212972.0	658.80	894.40
3212974.0	658.40	883.90
3212976.0	658.50	883.90
3212978.0	665.10	883.80
3212980.0	678.40	883.20
3212982.0	678.30	882.70
3212984.0	678.80	882.60
3212986.0	679.30	880.80
3212988.0	679.20	879.00
3212990.0	671.10	879.40
3212992.0	668.50	881.10
3212994.0	668.60	882.70
3212996.0	667.00	882.60
3212998.0	667.80	882.60
3213000.0	668.70	887.70
3213002.0	675.40	885.10
3213004.0	676.50	885.10
3213006.0	677.90	885.30
3213008.0	676.80	885.40
3213010.0	675.80	886.00
3213012.0	675.90	886.30
3213014.0	684.20	885.90
3213016.0	684.40	885.00
3213018.0	682.10	885.50
3213020.0	682.50	887.90
3213022.0	682.80	889.20
3213024.0	684.10	890.50
3213026.0	685.60	895.40
3213028.0	685.80	895.60
3213030.0	681.00	890.50
3213032.0	683.00	891.70
3213034.0	684.90	891.50
3213036.0	684.80	891.40
3213038.0	684.60	891.20
3213040.0	679.80	891.30
3213042.0	679.60	892.00
3213044.0	682.30	891.80
3213046.0	682.10	887.00
3213048.0	682.00	886.80
3213050.0	679.30	886.80
3213052.0	676.80	890.00
3213054.0	676.70	890.00
3213056.0	680.70	886.10
3213058.0	685.00	885.90
3213060.0	685.20	892.40
3213062.0	684.80	892.40
3213064.0	684.30	891.90
3213066.0	682.30	891.60
3213068.0	682.30	890.00
3213070.0	682.20	889.30
3213072.0	680.30	888.70
3213074.0	678.40	890.40
3213076.0	677.70	890.30
3213078.0	677.60	890.10
3213080.0	680.60	889.90
3213082.0	680.10	889.90
3213084.0	680.00	884.70
3213086.0	679.90	884.70
3213088.0	681.60	885.30
3213090.0	681.60	885.90
3213092.0	681.80	887.10
3213094.0	682.10	887.40
3213096.0	682.00	888.90
3213098.0	681.90	889.20
3213100.0	682.20	889.50
3213102.0	684.70	888.80
3213104.0	684.90	889.00
3213106.0	686.60	896.30
3213108.0	686.80	896.60
3213110.0	686.90	894.80
3213112.0	686.70	890.70
3213114.0	687.20	890.80
3213116.0	687.60	890.90
3213118.0	688.80	890.90
3213120.0	689.50	887.90
3213122.0	688.90	886.10
3213124.0	688.80	885.90
3213126.0	688.80	893.70
3213128.0	685.50	892.80
3213130.0	687.00	891.70
3213132.0	686.80	889.70
3213134.0	684.50	891.30
3213136.0	685.00	892.10
3213138.0	685.40	891.90
3213140.0	683.90	891.80
3213142.0	683.00	891.70
3213144.0	682.90	891.40
3213146.0	683.20	891.40
3213148.0	682.70	891.80
3213150.0	683.10	892.30
3213152.0	682.70	892.50
3213154.0	682.90	895.80
3213156.0	688.50	895.60
3213158.0	688.50	891.10
3213160.0	682.20	885.00
3213162.0	682.20	885.00
3213164.0	689.30	891.10
3213166.0	689.20	891.00
3213168.0	691.80	890.80
3213170.0	691.90	890.90
3213172.0	684.90	884.30
3213174.0	684.90	883.80
3213176.0	685.80	883.80
3213178.0	691.50	884.00
3213180.0	691.60	884.40
3213182.0	691.90	893.00
3213184.0	691.10	893.20
3213186.0	690.30	893.40
3213188.0	691.20	892.80
3213190.0	692.00	890.30
3213192.0	693.80	890.30
3213194.0	694.10	888.50
3213196.0	694.50	888.50
3213198.0	694.50	886.20
3213200.0	693.10	886.00
3213202.0	687.50	886.40
3213204.0	687.30	889.50
3213206.0	687.40	889.50
3213208.0	692.20	897.60
3213210.0	691.90	897.70
3213212.0	692.10	900.80
3213214.0	696.80	900.60
3213216.0	700.50	900.40
3213218.0	700.30	895.80
3213220.0	700.00	895.80
3213222.0	696.80	892.10
3213224.0	696.60	892.00
3213226.0	694.30	891.90
3213228.0	695.80	898.90
3213230.0	695.80	898.90
3213232.0	685.30	888.90
3213234.0	685.30	888.90
3213236.0	688.30	885.70
3213238.0	689.50	885.60
3213240.0	695.70	894.40
3213242.0	695.80	894.20
3213244.0	695.30	887.90
3213246.0	695.00	887.60
3213248.0	694.60	885.40
3213250.0	691.90	885.30
3213252.0	691.60	892.60
3213254.0	692.30	892.50
3213256.0	692.20	890.60
3213258.0	689.10	890.60
3213260.0	688.30	891.30
3213262.0	688.20	890.40
3213264.0	687.50	885.70
3213266.0	687.10	882.80
3213268.0	686.70	881.70
3213270.0	685.60	883.10
3213272.0	685.50	884.70
3213274.0	686.90	885.10
3213276.0	686.40	884.90
3213278.0	686.10	884.80
3213280.0	685.80	884.50
3213282.0	686.60	885.50
3213284.0	686.30	885.30
3213286.0	684.30	881.30
3213288.0	684.00	880.60
3213290.0	683.30	878.90
3213292.0	684.60	878.30
3213294.0	684.10	878.20
3213296.0	680.50	878.10
3213298.0	678.30	877.30
3213300.0	680.10	877.20
3213302.0	682.00	878.80
3213304.0	681.50	878.60
3213306.0	681.60	878.50
3213308.0	681.40	878.20
3213310.0	668.30	864.50
3213312.0	654.20	846.90
3213314.0	637.50	820.20
3213316.0	610.80	780.20
3213318.0	583.00	734.30
3213320.0	567.60	702.50
3213322.0	540.30	653.80
3213324.0	524.50	612.70
3213326.0	522.90	578.30
3213328.0	502.60	552.40
3213330.0	487.50	533.30
3213332.0	473.00	498.60
3213334.0	472.80	473.80
3213336.0	457.50	440.50
3213338.0	435.80	412.80
3213340.0	436.00	382.60
3213342.0	435.40	359.40
3213344.0	434.70	349.80
3213346.0	422.70	315.80
3213348.0	421.50	297.70
3213350.0	400.80	285.10
3213352.0	384.00	273.80
3213354.0	365.50	256.50
3213356.0	354.00	253.20
3213358.0	341.40	238.80
3213360.0	341.40	237.50
3213362.0	341.40	236.30
3213364.0	346.60	225.80
3213366.0	356.30	225.70
3213368.0	371.00	226.20
3213370.0	372.10	225.20
3213372.0	372.10	225.10
3213374.0	363.60	228.10
3213376.0	363.50	229.40
3213378.0	363.40	233.60
3213380.0	360.10	233.40
3213382.0	359.90	238.10
3213384.0	359.90	238.00
3213386.0	359.60	237.00
3213388.0	358.80	233.40
3213390.0	358.70	233.80
3213392.0	358.90	233.80
3213394.0	359.20	233.70
3213396.0	359.50	233.70
3213398.0	359.50	232.50
3213400.0	359.50	232.40
3213402.0	362.70	231.60
3213404.0	362.70	230.60
3213406.0	363.30	232.30
3213408.0	363.20	232.30
3213410.0	359.10	228.60
3213412.0	358.50	228.50
3213414.0	357.90	231.50
3213416.0	357.90	231.50
3213418.0	358.00	227.00
3213420.0	353.20	226.80
3213422.0	353.20	226.80
3213424.0	354.20	228.70
3213426.0	354.60	230.90
3213428.0	355.00	230.20
3213430.0	355.20	230.30
3213432.0	355.40	230.30
3213434.0	353.20	230.30
3213436.0	352.90	230.20
3213438.0	352.90	230.80
3213440.0	354.00	231.30
3213442.0	354.00	231.80
3213444.0	354.00	233.70
3213446.0	353.30	234.60
3213448.0	352.60	234.60
3213450.0	353.20	234.70
3213452.0	353.20	234.70
3213454.0	353.30	229.90
3213456.0	353.10	224.80
3213458.0	353.10	224.80
3213460.0	355.10	233.50
3213462.0	355.10	233.50
3213464.0	353.90	222.80
3213466.0	352.40	222.70
3213468.0	350.40	224.80
3213470.0	351.20	226.10
3213472.0	351.20	226.10
3213474.0	351.90	227.00
3213476.0	351.80	229.10
3213478.0	348.20	228.90
3213480.0	347.90	225.90
3213482.0	342.50	223.50
3213484.0	342.40	224.00
3213486.0	351.40	225.00
3213488.0	351.40	225.80
3213490.0	352.00	225.60
3213492.0	352.10	225.60
3213494.0	352.60	225.60
3213496.0	352.60	225.60
3213498.0	348.50	227.60
3213500.0	348.50	227.60
3213502.0	348.70	223.10
3213504.0	351.30	223.20
3213506.0	351.20	227.40
3213508.0	350.90	227.40
3213510.0	350.90	227.50
3213512.0	350.90	228.40
3213514.0	348.60	228.30
3213516.0	348.60	227.70
3213518.0	347.00	227.10
3213520.0	347.00	227.10
3213522.0	347.70	231.70
3213524.0	348.40	231.80
3213526.0	359.80	232.30
3213528.0	359.90	232.40
3213530.0	349.40	231.70
3213532.0	349.40	231.50
3213534.0	349.50	225.90
3213536.0	349.60	226.00
3213538.0	354.60	226.20
3213540.0	355.30	226.30
3213542.0	355.20	232.60
3213544.0	354.50	232.60
3213546.0	353.90	230.30
3213548.0	353.70	231.30
3213550.0	353.60	231.30
3213552.0	353.70	230.20
3213554.0	354.20	230.40
3213556.0	354.20	230.70
3213558.0	351.50	229.70
3213560.0	350.90	229.80
3213562.0	347.80	230.70
3213564.0	347.90	231.80
3213566.0	351.90	232.40
3213568.0	351.10	232.80
3213570.0	351.10	234.30
3213572.0	348.80	234.20
3213574.0	346.50	233.20
3213576.0	347.50	231.00
3213578.0	348.50	231.00
3213580.0	348.20	232.00
3213582.0	348.30	232.00
3213584.0	351.90	229.40
3213586.0	353.30	230.00
3213588.0	353.30	230.00
3213590.0	349.60	229.30
3213592.0	348.60	228.50
3213594.0	347.60	228.50
3213596.0	347.70	225.40
3213598.0	351.70	225.60
3213600.0	351.80	224.40
3213602.0	351.90	224.50
3213604.0	353.10	225.80
3213606.0	353.30	226.60
3213608.0	352.60	226.70
3213610.0	351.90	226.50
3213612.0	350.80	226.50
3213614.0	350.70	226.60
3213616.0	348.00	226.60
3213618.0	348.10	226.40
3213620.0	348.20	226.30
3213622.0	348.30	225.60
3213624.0	349.90	223.70
3213626.0	351.50	223.70
3213628.0	351.40	225.30
3213630.0	352.70	226.90
3213632.0	352.60	231.30
3213634.0	345.60	231.00
3213636.0	345.60	229.70
3213638.0	350.30	231.50
3213640.0	350.30	231.60
3213642.0	354.20	231.80
3213644.0	354.20	231.90
3213646.0	352.40	232.00
3213648.0	350.70	232.00
3213650.0	347.90	231.90
3213652.0	347.90	231.80
3213654.0	349.50	231.80
3213656.0	349.50	231.30
3213658.0	346.60	231.30
3213660.0	346.50	231.40
3213662.0	345.70	231.30
3213664.0	345.00	227.80
3213666.0	345.00	227.70
3213668.0	343.80	233.30
3213670.0	343.70	233.20
3213672.0	345.70	229.40
3213674.0	348.10	229.40
3213676.0	348.00	229.30
3213678.0	344.40	230.30
3213680.0	344.30	231.50
3213682.0	344.70	232.20
3213684.0	345.10	232.90
3213686.0	350.50	233.10
3213688.0	350.40	233.00
3213690.0	350.40	233.10
3213692.0	350.30	233.10
3213694.0	350.30	231.90
3213696.0	344.40	230.50
3213698.0	342.90	229.50
3213700.0	343.40	229.40
3213702.0	343.70	229.60
3213704.0	346.10	229.50
3213706.0	346.20	229.60
3213708.0	349.30	229.80
3213710.0	349.30	230.10
3213712.0	345.50	230.00
3213714.0	345.40	228.70
3213716.0	345.40	228.70
3213718.0	345.30	231.50
3213720.0	347.20	234.40
3213722.0	349.10	234.50
3213724.0	349.20	230.70
3213726.0	347.40	231.00
3213728.0	347.30	231.40
3213730.0	349.10	232.70
3213732.0	349.00	233.90
3213734.0	344.30	234.50
3213736.0	342.20	234.40
3213738.0	342.30	229.60
3213740.0	344.70	230.00
3213742.0	344.80	234.60
3213744.0	345.00	234.90
3213746.0	348.10	236.60
3213748.0	350.90	236.90
3213750.0	351.30	237.00
3213752.0	346.70	238.20
3213754.0	347.30	238.90
3213756.0	352.80	239.60
3213758.0	353.50	240.40
3213760.0	352.40	241.00
3213762.0	353.20	241.10
3213764.0	353.30	241.10
3213766.0	347.00	238.10
3213768.0	347.20	238.30
3213770.0	350.80	239.90
3213772.0	357.90	240.30
3213774.0	357.80	240.50
3213776.0	353.70	242.90
3213778.0	353.70	242.90
3213780.0	356.10	242.30
3213782.0	356.10	242.40
3213784.0	357.00	243.00
3213786.0	357.20	243.70
3213788.0	358.10	242.70
3213790.0	358.40	241.60
3213792.0	352.10	240.40
3213794.0	352.20	240.50
3213796.0	352.40	243.80
3213798.0	352.80	244.30
3213800.0	349.60	244.50
3213802.0	350.10	245.10
3213804.0	355.10	246.40
3213806.0	357.10	247.30
3213808.0	357.80	246.10
3213810.0	358.40	244.50
3213812.0	358.90	244.80
3213814.0	358.90	250.00
3213816.0	361.20	250.30
3213818.0	361.60	249.30
3213820.0	361.70	248.20
3213822.0	363.60	248.70
3213824.0	363.50	248.60
3213826.0	359.40	248.40
3213828.0	359.30	248.90
3213830.0	355.60	249.20
3213832.0	355.50	253.30
3213834.0	375.10	254.20
3213836.0	402.20	259.80
3213838.0	450.00	262.40
3213840.0	482.80	263.10
3213842.0	520.00	260.70
3213844.0	563.00	261.40
3213846.0	609.10	257.90
3213848.0	669.20	257.50
3213850.0	703.40	243.30
3213852.0	767.70	238.50
3213854.0	819.30	238.10
3213856.0	854.80	237.80
3213858.0	918.50	246.30
3213860.0	977.90	244.90
3213862.0	1001.70	244.20
3213864.0	1052.70	235.70
3213866.0	1106.10	231.00
3213868.0	1159.80	228.10
3213870.0	1203.60	225.80
3213872.0	1249.20	222.20
3213874.0	1281.80	219.00
3213876.0	1320.40	206.80
3213878.0	1351.40	198.30
3213880.0	1391.10	195.70
3213882.0	1430.60	193.70
3213884.0	1490.80	189.90
3213886.0	1523.10	187.60
3213888.0	1566.60	184.50
3213890.0	1603.80	188.90
3213892.0	1644.60	193.10
3213894.0	1684.00	190.10
3213896.0	1727.20	194.20
3213898.0	1769.80	192.50
3213900.0	1811.00	190.80
3213902.0	1852.10	189.00
3213904.0	1883.10	197.60
3213906.0	1923.90	194.70
3213908.0	1964.80	195.90
3213910.0	1995.30	200.70
3213912.0	2029.10	196.80
3213914.0	2044.50	195.90
3213916.0	2058.90	200.50
3213918.0	2060.30	201.00
3213920.0	2060.90	191.20
3213922.0	2061.60	193.60
3213924.0	2061.50	194.10
3213926.0	2060.00	189.30
3213928.0	2060.20	189.80
3213930.0	2060.50	194.70
3213932.0	2060.40	194.40
3213934.0	2067.20	193.50
3213936.0	2067.20	193.00
3213938.0	2067.30	192.40
3213940.0	2067.20	192.50
3213942.0	2061.40	192.90
3213944.0	2061.40	192.70
3213946.0	2060.20	192.80
3213948.0	2059.60	196.50
3213950.0	2059.50	196.50
3213952.0	2063.20	195.40
3213954.0	2063.20	194.70
3213956.0	2068.70	188.70
3213958.0	2068.60	189.30
3213960.0	2067.10	189.70
3213962.0	2067.10	189.80
3213964.0	2066.10	189.70
3213966.0	2066.20	191.70
3213968.0	2065.50	191.90
3213970.0	2065.50	191.60
3213972.0	2065.40	191.40
3213974.0	2063.80	192.10
3213976.0	2062.20	192.50
3213978.0	2056.10	189.50
3213980.0	2056.00	187.90
3213982.0	2063.30	187.70
3213984.0	2063.70	188.10
3213986.0	2064.80	188.90
3213988.0	2064.80	189.80
3213990.0	2059.90	190.10
3213992.0	2059.80	189.50
3213994.0	2059.90	188.80
3213996.0	2059.80	178.60
3213998.0	2064.00	177.90
3214000.0	2061.90	177.60
3214002.0	2059.90	177.60
3214004.0	2059.90	177.50
3214006.0	2060.00	176.20
3214008.0	2060.60	176.10
3214010.0	2060.50	176.50
3214012.0	2061.60	176.40
3214014.0	2061.60	174.80
3214016.0	2055.60	173.80
3214018.0	2055.80	172.90
3214020.0	2055.80	173.00
3214022.0	2055.80	170.00
3214024.0	2064.00	169.20
3214026.0	2064.10	169.00
3214028.0	2064.50	168.30
3214030.0	2064.50	168.10
3214032.0	2060.70	168.10
3214034.0	2059.10	167.90
3214036.0	2056.60	174.20
3214038.0	2056.60	174.10
3214040.0	2061.80	166.70
3214042.0	2062.20	166.90
3214044.0	2062.20	166.90
3214046.0	2057.20	167.00
3214048.0	2057.10	166.90
3214050.0	2057.00	166.60
3214052.0	2056.40	166.90
3214054.0	2055.90	166.00
3214056.0	2055.80	166.30
3214058.0	2058.70	170.70
3214060.0	2058.60	171.00
3214062.0	2058.60	166.20
3214064.0	2060.20	166.00
3214066.0	2057.40	166.60
3214068.0	2057.50	167.00
3214070.0	2063.20	166.70
3214072.0	2063.30	166.70
3214074.0	2063.40	167.90
3214076.0	2063.50	167.70
3214078.0	2069.70	167.10
3214080.0	2069.90	167.00
3214082.0	2069.80	166.90
3214084.0	2069.80	178.00
3214086.0	2065.20	178.10
3214088.0	2064.70	170.90
3214090.0	2064.20	170.80
3214092.0	2062.30	169.50
3214094.0	2062.30	168.10
3214096.0	2062.90	160.10
3214098.0	2063.50	159.90
3214100.0	2070.60	164.60
3214102.0	2070.60	165.10
3214104.0	2069.00	165.80
3214106.0	2067.50	168.90
3214108.0	2067.40	169.00
3214110.0	2073.20	169.50
3214112.0	2073.20	170.50
3214114.0	2064.50	171.40
3214116.0	2066.40	164.50
3214118.0	2065.90	164.50
3214120.0	2066.00	164.40
3214122.0	2065.40	169.30
3214124.0	2065.50	169.10
3214126.0	2062.70	172.20
3214128.0	2062.40	172.10
3214130.0	2062.50	172.80
3214132.0	2064.90	173.20
3214134.0	2067.30	172.90
3214136.0	2067.90	171.20
3214138.0	2067.90	172.30
3214140.0	2067.80	172.20
3214142.0	2067.70	169.90
3214144.0	2069.80	169.60
3214146.0	2069.80	169.50
3214148.0	2069.60	167.00
3214150.0	2069.60	166.90
3214152.0	2069.70	165.30
3214154.0	2069.70	165.20
3214156.0	2069.40	165.10
3214158.0	2069.50	165.00
3214160.0	2077.40	161.00
3214162.0	2077.30	157.60
3214164.0	2077.30	157.60
3214166.0	2073.80	165.10
3214168.0	2074.00	165.00
3214170.0	2074.00	160.10
3214172.0	2074.00	160.10
3214174.0	2072.30	164.00
3214176.0	2070.50	163.50
3214178.0	2068.70	162.90
3214180.0	2068.70	159.70
3214182.0	2068.30	159.70
3214184.0	2068.30	159.00
3214186.0	2067.80	159.10
3214188.0	2067.80	157.20
3214190.0	2067.20	157.20
3214192.0	2067.20	161.50
3214194.0	2065.70	163.10
3214196.0	2065.40	162.30
3214198.0	2065.40	161.60
3214200.0	2070.30	161.10
3214202.0	2070.30	159.70
3214204.0	2068.80	159.80
3214206.0	2068.80	165.50
3214208.0	2069.80	165.20
3214210.0	2070.90	165.40
3214212.0	2073.50	164.40
3214214.0	2073.50	160.80
3214216.0	2073.50	160.70
3214218.0	2073.60	160.40
3214220.0	2071.30	157.60
3214222.0	2072.40	157.50
3214224.0	2073.40	158.80
3214226.0	2072.70	158.90
3214228.0	2072.70	160.00
3214230.0	2082.20	160.40
3214232.0	2082.20	160.70
3214234.0	2081.90	160.70
3214236.0	2081.50	160.80
3214238.0	2078.30	160.80
3214240.0	2077.90	160.60
3214242.0	2076.10	156.80
3214244.0	2076.10	156.80
3214246.0	2076.90	162.40
3214248.0	2077.80	162.40
3214250.0	2077.80	156.80
3214252.0	2077.80	155.90
3214254.0	2084.20	153.60
3214256.0	2088.20	153.20
3214258.0	2088.40	157.50
3214260.0	2081.00	157.70
3214262.0	2078.00	157.70
3214264.0	2078.00	157.60
3214266.0	2084.00	155.50
3214268.0	2084.10	152.30
3214270.0	2082.00	152.30
3214272.0	2082.00	152.50
3214274.0	2085.90	152.30
3214276.0	2085.90	150.40
3214278.0	2081.70	150.80
3214280.0	2081.70	154.90
3214282.0	2083.80	155.00
3214284.0	2083.80	160.40
3214286.0	2082.70	160.70
3214288.0	2081.60	153.50
3214290.0	2083.60	153.50
3214292.0	2083.10	159.20
3214294.0	2082.60	159.40
3214296.0	2073.60	154.40
3214298.0	2073.60	154.50
3214300.0	2074.90	154.50
3214302.0	2081.20	153.70
3214304.0	2081.20	153.80
3214306.0	2081.60	155.10
3214308.0	2081.50	156.60
3214310.0	2081.50	156.70
3214312.0	2082.60	155.10
3214314.0	2083.00	155.60
3214316.0	2083.30	155.60
3214318.0	2083.30	155.60
3214320.0	2083.30	159.50
3214322.0	2089.20	159.10
3214324.0	2089.10	149.20
3214326.0	2088.50	149.30
3214328.0	2088.50	151.20
3214330.0	2088.50	150.90
3214332.0	2086.00	151.20
3214334.0	2087.50	152.20
3214336.0	2087.20	152.20
3214338.0	2086.90	152.30
3214340.0	2087.10	149.30
3214342.0	2087.10	148.60
3214344.0	2085.10	148.80
3214346.0	2085.10	149.70
3214348.0	2085.50	151.00
3214350.0	2085.60	152.40
3214352.0	2085.60	152.50
3214354.0	2089.20	156.80
3214356.0	2089.20	156.80
3214358.0	2085.40	154.70
3214360.0	2085.40	155.70
3214362.0	2086.30	155.60
3214364.0	2087.20	150.50
3214366.0	2088.30	150.50
3214368.0	2089.50	151.60
3214370.0	2089.50	151.80
3214372.0	2089.50	151.80
3214374.0	2089.50	151.80
3214376.0	2090.70	152.40
3214378.0	2090.70	153.10
3214380.0	2088.80	153.70
3214382.0	2089.90	153.70
3214384.0	2089.90	153.70
3214386.0	2084.60	149.40
3214388.0	2084.60	149.40
3214390.0	2086.40	154.10
3214392.0	2089.30	153.90
3214394.0	2089.30	155.10
3214396.0	2089.30	154.90
3214398.0	2091.80	154.60
3214400.0	2091.80	153.50
3214402.0	2092.40	153.40
3214404.0	2092.40	152.20
3214406.0	2093.50	152.10
3214408.0	2093.50	152.10
3214410.0	2092.10	152.20
3214412.0	2092.10	154.50
3214414.0	2097.50	156.30
3214416.0	2097.60	157.00
3214418.0	2097.60	157.70
3214420.0	2098.40	157.00
3214422.0	2098.50	156.30
3214424.0	2099.30	156.10
3214426.0	2100.20	154.90
3214428.0	2102.30	154.70
3214430.0	2102.40	161.30
3214432.0	2098.60	161.40
3214434.0	2093.10	158.30
3214436.0	2093.10	159.00
3214438.0	2093.10	159.70
3214440.0	2093.30	158.20
3214442.0	2093.60	158.20
3214444.0	2095.60	158.00
3214446.0	2095.60	158.10
3214448.0	2096.80	161.60
3214450.0	2096.80	161.60
3214452.0	2098.00	156.00
3214454.0	2098.00	156.10
3214456.0	2092.30	156.40
3214458.0	2089.10	156.40
3214460.0	2089.10	156.40
3214462.0	2090.30	156.70
3214464.0	2091.70	156.00
3214466.0	2097.40	155.20
3214468.0	2097.60	154.60
3214470.0	2097.80	153.90
3214472.0	2098.40	154.30
3214474.0	2098.60	153.50
3214476.0	2098.70	153.70
3214478.0	2098.90	153.20
3214480.0	2106.80	152.00
3214482.0	2106.70	147.10
3214484.0	2100.50	147.70
3214486.0	2100.60	147.20
3214488.0	2098.60	148.40
3214490.0	2098.60	148.40
3214492.0	2098.60	148.50
3214494.0	2097.50	148.40
3214496.0	2096.30	148.40
3214498.0	2096.20	143.90
3214500.0	2107.70	143.00
3214502.0	2107.70	142.40
3214504.0	2099.50	142.10
3214506.0	2099.50	142.10
3214508.0	2101.10	147.00
3214510.0	2101.10	148.50
3214512.0	2101.10	148.50
3214514.0	2101.40	148.40
3214516.0	2101.40	146.80
3214518.0	2101.00	147.20
3214520.0	2101.10	147.50
3214522.0	2101.00	149.30
3214524.0	2101.00	150.00
3214526.0	2102.00	151.60
3214528.0	2102.10	151.30
3214530.0	2092.60	151.70
3214532.0	2092.70	157.00
3214534.0	2102.00	156.30
3214536.0	2109.80	155.10
3214538.0	2109.70	155.10
3214540.0	2109.00	153.70
3214542.0	2108.40	154.00
3214544.0	2106.30	154.50
3214546.0	2106.20	154.90
3214548.0	2106.10	150.60
3214550.0	2103.10	151.20
3214552.0	2102.30	151.50
3214554.0	2102.30	156.50
3214556.0	2102.30	160.10
3214558.0	2099.70	160.40
3214560.0	2098.10	155.80
3214562.0	2098.10	155.90
3214564.0	2106.10	155.40
3214566.0	2104.80	155.40
3214568.0	2104.80	155.30
3214570.0	2105.00	155.40
3214572.0	2105.30	155.50
3214574.0	2105.20	150.00
3214576.0	2095.90	146.40
3214578.0	2095.90	146.50
3214580.0	2101.80	145.90
3214582.0	2101.70	146.00
3214584.0	2101.80	149.60
3214586.0	2101.80	150.30
3214588.0	2102.00	152.90
3214590.0	2102.20	159.70
3214592.0	2102.20	159.80
3214594.0	2103.20	159.30
3214596.0	2103.20	158.80
3214598.0	2103.40	152.90
3214600.0	2103.70	152.90
3214602.0	2107.60	152.50
3214604.0	2107.60	152.70
3214606.0	2104.30	159.00
3214608.0	2094.80	159.80
3214610.0	2094.60	147.80
3214612.0	2095.60	147.90
3214614.0	2096.60	149.60
3214616.0	2097.20	151.50
3214618.0	2097.20	152.20
3214620.0	2097.20	153.60
3214622.0	2097.80	153.70
3214624.0	2097.80	154.60
3214626.0	2097.80	154.80
3214628.0	2104.20	152.50
3214630.0	2104.30	152.30
3214632.0	2102.70	151.60
3214634.0	2101.00	151.60
3214636.0	2101.10	157.60
3214638.0	2098.60	157.90
3214640.0	2098.50	156.40
3214642.0	2098.50	156.60
3214644.0	2098.40	156.40
3214646.0	2113.50	155.10
3214648.0	2113.40	152.60
3214650.0	2112.40	152.90
3214652.0	2111.40	157.60
3214654.0	2109.20	157.90
3214656.0	2107.30	158.10
3214658.0	2107.30	158.10
3214660.0	2108.00	158.10
3214662.0	2108.80	158.50
3214664.0	2108.20	158.60
3214666.0	2107.50	159.40
3214668.0	2110.50	160.00
3214670.0	2110.40	160.10
3214672.0	2108.90	159.10
3214674.0	2108.60	159.00
3214676.0	2108.30	159.00
3214678.0	2100.30	163.30
3214680.0	2100.30	163.40
3214682.0	2101.40	159.50
3214684.0	2101.40	159.60
3214686.0	2102.90	161.30
3214688.0	2102.80	161.50
3214690.0	2103.40	165.60
3214692.0	2103.40	169.80
3214694.0	2092.70	170.70
3214696.0	2092.70	171.40
3214698.0	2096.20	171.30
3214700.0	2096.20	169.70
3214702.0	2096.30	165.00
3214704.0	2096.40	164.80
3214706.0	2093.00	165.50
3214708.0	2093.00	166.00
3214710.0	2102.20	165.50
3214712.0	2104.20	161.30
3214714.0	2104.20	161.30
3214716.0	2092.10	164.40
3214718.0	2092.00	164.60
3214720.0	2094.90	162.60
3214722.0	2094.90	162.60
3214724.0	2095.10	160.60
3214726.0	2095.40	160.60
3214728.0	2099.00	164.00
3214730.0	2098.90	171.00
3214732.0	2104.40	170.90
3214734.0	2104.30	173.40
3214736.0	2101.90	173.80
3214738.0	2099.40	166.20
3214740.0	2101.10	166.30
3214742.0	2101.10	170.30
3214744.0	2096.00	170.90
3214746.0	2096.00	170.60
3214748.0	2096.10	170.20
3214750.0	2096.10	170.40
3214752.0	2096.00	170.70
3214754.0	2096.00	173.30
3214756.0	2096.00	175.60
3214758.0	2095.90	175.70
3214760.0	2092.70	172.80
3214762.0	2092.60	169.70
3214764.0	2094.40	167.20
3214766.0	2094.40	167.20
3214768.0	2094.40	167.20
3214770.0	2088.50	176.70
3214772.0	2088.50	175.30
3214774.0	2092.80	174.70
3214776.0	2092.80	174.60
3214778.0	2085.80	169.70
3214780.0	2085.80	169.70
3214782.0	2091.50	167.60
3214784.0	2091.40	167.60
3214786.0	2091.50	170.30
3214788.0	2092.70	170.20
3214790.0	2092.60	168.00
3214792.0	2091.80	168.10
3214794.0	2091.50	172.60
3214796.0	2091.40	172.80
3214798.0	2093.10	174.10
3214800.0	2092.40	174.00
3214802.0	2091.50	168.40
3214804.0	2093.00	167.20
3214806.0	2093.00	169.90
3214808.0	2086.00	170.50
3214810.0	2086.00	171.20
3214812.0	2092.80	171.10
3214814.0	2090.20	170.80
3214816.0	2087.60	170.20
3214818.0	2087.50	165.60
3214820.0	2093.10	165.10
3214822.0	2094.40	166.50
3214824.0	2094.20	167.20
3214826.0	2096.40	167.30
3214828.0	2096.40	167.40
3214830.0	2095.50	173.70
3214832.0	2095.50	179.40
3214834.0	2095.40	179.60
3214836.0	2095.70	177.20
3214838.0	2095.70	178.20
3214840.0	2097.00	178.20
3214842.0	2097.00	177.10
3214844.0	2095.90	177.60
3214846.0	2094.90	178.20
3214848.0	2096.00	176.50
3214850.0	2095.90	175.60
3214852.0	2095.70	175.60
3214854.0	2096.60	176.40
3214856.0	2096.60	179.70
3214858.0	2084.60	180.80
3214860.0	2084.50	180.70
3214862.0	2089.90	180.10
3214864.0	2097.20	177.80
3214866.0	2097.20	177.80
3214868.0	2095.90	177.10
3214870.0	2085.60	177.90
3214872.0	2085.50	177.90
3214874.0	2090.10	177.70
3214876.0	2089.10	178.00
3214878.0	2089.00	178.30
3214880.0	2092.90	178.20
3214882.0	2092.80	175.90
3214884.0	2091.90	173.60
3214886.0	2091.90	175.90
3214888.0	2091.90	176.00
3214890.0	2094.40	176.50
3214892.0	2096.90	176.40
3214894.0	2096.70	171.90
3214896.0	2096.60	172.10
3214898.0	2096.60	171.60
3214900.0	2088.70	171.60
3214902.0	2088.70	170.00
3214904.0	2088.70	170.00
3214906.0	2095.40	175.80
3214908.0	2095.50	175.80
3214910.0	2095.70	175.80
3214912.0	2096.20	175.70
3214914.0	2096.20	175.70
3214916.0	2089.10	174.60
3214918.0	2089.10	174.60
3214920.0	2089.10	178.70
3214922.0	2090.20	178.60
3214924.0	2090.10	172.10
3214926.0	2088.20	172.20
3214928.0	2088.20	173.80
3214930.0	2092.00	173.50
3214932.0	2092.10	181.80
3214934.0	2097.20	181.50
3214936.0	2097.10	173.70
3214938.0	2094.80	172.80
3214940.0	2094.80	172.80
3214942.0	2098.40	177.90
3214944.0	2098.40	178.50
3214946.0	2099.30	178.40
3214948.0	2099.30	178.40
3214950.0	2087.90	181.00
3214952.0	2087.90	181.00
3214954.0	2088.60	181.30
3214956.0	2089.40	183.20
3214958.0	2094.70	182.80
3214960.0	2094.60	177.30
3214962.0	2086.30	177.80
3214964.0	2086.30	175.10
3214966.0	2087.00	175.00
3214968.0	2087.80	175.00
3214970.0	2087.70	167.00
3214972.0	2087.70	167.10
3214974.0	2087.70	169.20
3214976.0	2087.70	171.40
3214978.0	2087.70	174.60
3214980.0	2086.70	174.60
3214982.0	2085.60	174.60
3214984.0	2087.00	174.40
3214986.0	2087.10	175.90
3214988.0	2086.00	176.10
3214990.0	2084.90	172.30
3214992.0	2084.90	172.30
3214994.0	2090.10	175.40
3214996.0	2090.20	175.40
3214998.0	2095.30	175.40
3215000.0	2095.30	175.40
3215002.0	2095.10	170.00
3215004.0	2099.50	169.30
3215006.0	2099.40	169.10
3215008.0	2099.20	173.60
3215010.0	2093.70	174.40
3215012.0	2093.60	174.80
3215014.0	2096.20	173.60
3215016.0	2096.70	173.60
3215018.0	2095.90	174.00
3215020.0	2095.20	174.30
3215022.0	2092.10	179.00
3215024.0	2092.10	179.90
3215026.0	2103.60	179.10
3215028.0	2103.50	171.40
3215030.0	2105.10	171.10
3215032.0	2105.10	171.90
3215034.0	2101.50	172.90
3215036.0	2100.60	173.00
3215038.0	2099.70	173.20
3215040.0	2092.40	175.40
3215042.0	2092.30	175.40
3215044.0	2096.00	175.40
3215046.0	2093.80	175.60
3215048.0	2093.70	167.00
3215050.0	2099.90	164.10
3215052.0	2100.00	164.50
3215054.0	2100.00	165.20
3215056.0	2103.90	169.00
3215058.0	2104.00	167.70
3215060.0	2103.70	166.10
3215062.0	2103.40	164.70
3215064.0	2104.80	164.30
3215066.0	2106.30	168.60
3215068.0	2105.90	168.80
3215070.0	2105.50	171.70
3215072.0	2108.30	171.00
3215074.0	2108.20	171.10
3215076.0	2096.30	172.20
3215078.0	2088.30	169.50
3215080.0	2088.30	169.60
3215082.0	2088.20	170.40
3215084.0	2088.10	170.50
3215086.0	2088.10	172.20
3215088.0	2094.90	171.30
3215090.0	2094.90	171.20
3215092.0	2096.50	170.40
3215094.0	2097.80	170.30
3215096.0	2097.80	174.10
3215098.0	2099.10	173.80
3215100.0	2099.20	173.80
3215102.0	2099.20	173.80
3215104.0	2095.80	176.10
3215106.0	2095.80	176.10
3215108.0	2100.90	182.00
3215110.0	2100.90	182.10
3215112.0	2099.20	174.10
3215114.0	2097.60	174.30
3215116.0	2097.60	175.30
3215118.0	2102.10	176.10
3215120.0	2106.70	176.60
3215122.0	2106.70	177.50
3215124.0	2106.80	177.50
3215126.0	2103.70	177.60
3215128.0	2097.60	178.70
3215130.0	2098.10	178.60
3215132.0	2098.50	176.20
3215134.0	2102.30	171.50
3215136.0	2102.30	171.50
3215138.0	2100.20	169.60
3215140.0	2098.10	169.80
3215142.0	2098.20	178.50
3215144.0	2107.30	177.80
3215146.0	2107.20	172.00
3215148.0	2103.40	172.20
3215150.0	2103.30	170.60
3215152.0	2092.30	171.30
3215154.0	2092.30	170.00
3215156.0	2099.20	169.50
3215158.0	2099.30	175.70
3215160.0	2100.40	176.90
3215162.0	2103.50	176.70
3215164.0	2103.50	176.80
3215166.0	2101.50	181.30
3215168.0	2101.50	181.30
3215170.0	2101.70	180.80
3215172.0	2102.00	180.80
3215174.0	2102.00	180.80
3215176.0	2102.60	179.50
3215178.0	2103.20	178.10
3215180.0	2104.10	178.90
3215182.0	2105.10	178.90
3215184.0	2108.30	178.70
3215186.0	2108.30	177.90
3215188.0	2103.80	176.40
3215190.0	2103.90	177.20
3215192.0	2103.90	177.10
3215194.0	2104.70	175.80
3215196.0	2105.50	175.80
3215198.0	2108.80	175.60
3215200.0	2108.90	178.10
3215202.0	2108.80	176.60
3215204.0	2109.00	177.10
3215206.0	2109.20	177.50
3215208.0	2110.30	177.40
3215210.0	2106.40	173.90
3215212.0	2106.00	173.30
3215214.0	2106.10	173.20
3215216.0	2108.50	170.60
3215218.0	2110.90	169.50
3215220.0	2112.00	168.80
3215222.0	2112.20	174.40
3215224.0	2112.30	174.00
3215226.0	2108.60	166.90
3215228.0	2108.60	166.80
3215230.0	2108.50	166.20
3215232.0	2108.40	166.40
3215234.0	2109.20	166.60
3215236.0	2110.10	166.60
3215238.0	2120.70	166.50
3215240.0	2124.20	167.00
3215242.0	2124.30	168.50
3215244.0	2120.60	170.20
3215246.0	2120.60	171.30
3215248.0	2120.70	172.20
3215250.0	2120.80	171.90
3215252.0	2120.80	170.00
3215254.0	2120.90	169.70
3215256.0	2120.90	169.20
3215258.0	2110.90	161.30
3215260.0	2110.90	161.30
3215262.0	2112.00	161.60
3215264.0	2111.50	161.70
3215266.0	2111.50	161.80
3215268.0	2118.90	169.70
3215270.0	2121.60	169.50
3215272.0	2121.60	169.20
3215274.0	2121.40	169.20
3215276.0	2121.20	169.20
3215278.0	2121.20	166.30
3215280.0	2121.30	163.70
3215282.0	2121.30	159.90
3215284.0	2113.10	160.40
3215286.0	2109.70	162.50
3215288.0	2108.90	162.70
3215290.0	2108.90	164.80
3215292.0	2114.60	164.50
3215294.0	2118.80	159.80
3215296.0	2118.80	159.80
3215298.0	2119.00	165.60
3215300.0	2117.10	165.50
3215302.0	2117.10	164.90
3215304.0	2117.20	164.30
3215306.0	2117.20	164.20
3215308.0	2114.10	164.60
3215310.0	2113.90	162.50
3215312.0	2113.90	162.80
3215314.0	2113.80	160.80
3215316.0	2113.80	160.90
3215318.0	2113.30	158.30
3215320.0	2113.30	159.30
3215322.0	2114.00	159.20
3215324.0	2115.40	159.60
3215326.0	2115.40	159.60
3215328.0	2115.00	159.80
3215330.0	2115.00	159.90
3215332.0	2116.30	157.40
3215334.0	2116.30	158.70
3215336.0	2113.80	159.00
3215338.0	2113.80	157.60
3215340.0	2123.00	157.10
3215342.0	2123.00	159.60
3215344.0	2119.80	161.50
3215346.0	2120.30	161.60
3215348.0	2120.80	161.60
3215350.0	2127.30	161.00
3215352.0	2127.30	161.90
3215354.0	2127.40	161.80
3215356.0	2127.40	157.90
3215358.0	2121.10	158.20
3215360.0	2119.60	159.60
3215362.0	2114.70	159.90
3215364.0	2112.90	160.00
3215366.0	2112.00	160.80
3215368.0	2111.80	161.10
3215370.0	2111.70	161.50
3215372.0	2111.60	158.20
3215374.0	2120.40	158.20
3215376.0	2120.40	158.70
3215378.0	2119.80	158.80
3215380.0	2119.70	149.50
3215382.0	2118.70	149.50
3215384.0	2119.00	151.30
3215386.0	2119.30	152.60
3215388.0	2125.50	152.20
3215390.0	2125.50	152.50
3215392.0	2119.30	153.80
3215394.0	2119.30	154.00
3215396.0	2118.00	152.20
3215398.0	2119.30	152.20
3215400.0	2119.30	152.20
3215402.0	2120.80	146.00
3215404.0	2120.80	146.00
3215406.0	2120.30	148.20
3215408.0	2119.90	149.90
3215410.0	2119.70	150.30
3215412.0	2119.70	150.70
3215414.0	2120.80	151.70
3215416.0	2120.90	156.20
3215418.0	2120.80	155.30
3215420.0	2120.80	155.40
3215422.0	2122.30	161.00
3215424.0	2122.60	161.40
3215426.0	2122.90	161.90
3215428.0	2122.90	162.00
3215430.0	2115.00	158.90
3215432.0	2114.90	155.30
3215434.0	2114.20	156.80
3215436.0	2113.40	158.30
3215438.0	2114.20	158.40
3215440.0	2114.10	158.60
3215442.0	2115.80	159.80
3215444.0	2117.60	158.40
3215446.0	2121.90	158.00
3215448.0	2120.30	163.60
3215450.0	2120.30	163.90
3215452.0	2122.20	163.70
3215454.0	2124.10	163.00
3215456.0	2125.70	162.60
3215458.0	2125.80	161.40
3215460.0	2119.80	161.00
3215462.0	2119.70	153.10
3215464.0	2119.90	153.00
3215466.0	2119.90	156.70
3215468.0	2111.10	157.40
3215470.0	2111.10	156.50
3215472.0	2113.50	156.40
3215474.0	2117.20	155.30
3215476.0	2126.60	153.60
3215478.0	2126.70	155.10
3215480.0	2125.90	155.50
3215482.0	2125.90	155.80
3215484.0	2125.00	162.20
3215486.0	2125.10	166.50
3215488.0	2132.10	166.30
3215490.0	2133.50	166.30
3215492.0	2133.50	166.30
3215494.0	2122.00	162.10
3215496.0	2121.90	162.40
3215498.0	2117.30	160.80
3215500.0	2117.30	158.60
3215502.0	2109.00	159.20
3215504.0	2107.70	159.30
3215506.0	2107.70	161.70
3215508.0	2126.20	159.80
3215510.0	2126.20	159.30
3215512.0	2124.00	156.70
3215514.0	2122.20	145.60
3215516.0	2122.20	145.60
3215518.0	2124.10	150.10
3215520.0	2125.90	149.90
3215522.0	2125.90	150.00
3215524.0	2120.10	159.40
3215526.0	2120.20	161.30
3215528.0	2120.30	166.80
3215530.0	2118.60	166.90
3215532.0	2116.80	163.20
3215534.0	2115.00	163.50
3215536.0	2115.00	163.50
3215538.0	2124.10	160.90
3215540.0	2124.10	160.90
3215542.0	2124.50	165.00
3215544.0	2124.90	164.80
3215546.0	2130.50	163.70
3215548.0	2131.50	163.60
3215550.0	2131.50	162.30
3215552.0	2120.30	163.20
3215554.0	2118.70	165.90
3215556.0	2118.40	167.80
3215558.0	2118.00	167.90
3215560.0	2119.20	166.30
3215562.0	2119.30	166.30
3215564.0	2119.20	163.80
3215566.0	2120.60	163.80
3215568.0	2121.70	166.20
3215570.0	2121.80	173.20
3215572.0	2121.90	173.20
3215574.0	2130.90	172.20
3215576.0	2130.90	172.20
3215578.0	2127.90	172.60
3215580.0	2122.90	173.00
3215582.0	2122.90	173.10
3215584.0	2116.50	177.40
3215586.0	2116.60	179.70
3215588.0	2119.90	184.30
3215590.0	2147.50	197.40
3215592.0	2155.10	216.50
3215594.0	2173.60	230.50
3215596.0	2200.10	247.90
3215598.0	2223.70	290.30
3215600.0	2242.50	299.90
3215602.0	2273.40	304.40
3215604.0	2294.20	321.50
3215606.0	2326.80	364.20
3215608.0	2364.80	390.10
3215610.0	2399.00	416.90
3215612.0	2435.40	438.00
3215614.0	2459.50	477.00
3215616.0	2485.70	527.50
3215618.0	2512.60	544.50
3215620.0	2555.60	576.40
3215622.0	2591.40	598.80
3215624.0	2609.00	651.60
3215626.0	2629.40	667.00
3215628.0	2651.00	667.40
3215630.0	2656.80	667.40
3215632.0	2683.20	729.60
3215634.0	2709.20	784.50
3215636.0	2723.20	807.60
3215638.0	2738.60	827.20
3215640.0	2768.20	895.40
3215642.0	2803.40	888.30
3215644.0	2809.90	888.80
3215646.0	2868.40	985.60
3215648.0	2907.30	1020.00
3215650.0	2944.10	1078.00
3215652.0	2979.90	1151.10
3215654.0	2996.10	1201.80
3215656.0	3036.50	1279.20
3215658.0	3066.80	1384.20
3215660.0	3074.70	1389.50
3215662.0	3171.30	1504.30
3215664.0	3233.70	1593.50
3215666.0	3230.40	1573.30
3215668.0	3232.40	1573.60
3215670.0	3270.00	1933.70
3215672.0	3270.00	1933.70
3215674.0	3270.00	1816.80
3215676.0	3270.00	1829.60
3215678.0	3270.00	2124.90
3215680.0	3270.00	2210.40
3215682.0	3270.00	2270.60
3215684.0	3270.00	2354.10
3215686.0	-32768.00	-32768.00
3215688.0	-32768.00	-32768.00
3215690.0	-32768.00	-32768.00
3215692.0	-32768.00	-32768.00
3215694.0	-32768.00	-32768.00
3215696.0	-32768.00	-32768.00
3215698.0	-32768.00	-32768.00
3215700.0	-32768.00	-32768.00
3215702.0	-32768.00	-32768.00
3215704.0	-32768.00	-32768.00
3215706.0	-32768.00	-32768.00
3215708.0	-32768.00	-32768.00
3215710.0	-32768.00	-32768.00
3215712.0	-32768.00	-32768.00
3215714.0	-32768.00	-32768.00
3215716.0	-32768.00	-32768.00
3215718.0	-32768.00	-32768.00
3215720.0	-32768.00	-32768.00
3215722.0	-32768.00	-32768.00
3215724.0	-32768.00	-32768.00
3215726.0	-32768.00	-32768.00
3215728.0	-32768.00	-32768.00
3215730.0	-32768.00	-32768.00
3215732.0	-32768.00	-32768.00
3215734.0	-32768.00	-32768.00
3215736.0	-32768.00	-32768.00
3215738.0	-32768.00	-32768.00
3215740.0	-32768.00	-32768.00
3215742.0	-32768.00	-32768.00
3215744.0	-32768.00	-32768.00
3215746.0	-32768.00	-32768.00
3215748.0	-32768.00	-32768.00
3215750.0	-32768.00	-32768.00
3215752.0	-32768.00	-32768.00
3215754.0	-32768.00	-32768.00
3215756.0	-32768.00	-32768.00
3215758.0	-32768.00	-32768.00
3215760.0	-32768.00	-32768.00
3215762.0	-32768.00	-32768.00
3215764.0	-32768.00	-32768.00
3215766.0	-32768.00	-32768.00
3215768.0	-32768.00	-32768.00
3215770.0	-32768.00	-32768.00
3215772.0	-32768.00	-32768.00
3215774.0	-32768.00	-32768.00
3215776.0	-32768.00	-32768.00
3215778.0	-32768.00	-32768.00
3215780.0	-32768.00	-32768.00
3215782.0	-32768.00	-32768.00
3215784.0	-32768.00	-32768.00
3215786.0	-32768.00	-32768.00
3215788.0	-32768.00	-32768.00
3215790.0	-32768.00	-32768.00
3215792.0	-32768.00	-32768.00
3215794.0	-32768.00	-32768.00
3215796.0	-32768.00	-32768.00
3215798.0	-32768.00	-32768.00
3215800.0	-32768.00	-32768.00
3215802.0	-32768.00	-32768.00
3215804.0	-32768.00	-32768.00
3215806.0	-32768.00	-32768.00
3215808.0	-32768.00	-32768.00
3215810.0	-32768.00	-32768.00
3215812.0	-32768.00	-32768.00
3215814.0	-32768.00	-32768.00
3215816.0	-32768.00	-32768.00
3215818.0	-32768.00	-32768.00
3215820.0	-32768.00	-32768.00
3215822.0	-32768.00	-32768.00
3215824.0	-32768.00	-32768.00
3215826.0	-32768.00	-32768.00
3215828.0	-32768.00	-32768.00
3215830.0	-32768.00	-32768.00
3215832.0	-32768.00	-32768.00
3215834.0	-32768.00	-32768.00
3215836.0	-32768.00	-32768.00
3215838.0	-32768.00	-32768.00
3215840.0	-32768.00	-32768.00
3215842.0	-32768.00	-32768.00
3215844.0	-32768.00	-32768.00
3215846.0	-32768.00	-32768.00
3215848.0	-32768.00	-32768.00
3215850.0	-32768.00	-32768.00
3215852.0	-32768.00	-32768.00
3215854.0	-32768.00	-32768.00
3215856.0	-32768.00	-32768.00
3215858.0	-32768.00	-32768.00
3215860.0	-32768.00	-32768.00
3215862.0	-32768.00	-32768.00
3215864.0	-32768.00	-32768.00
3215866.0	-32768.00	-32768.00
3215868.0	-32768.00	-32768.00
3215870.0	-32768.00	-32768.00
3215872.0	-32768.00	-32768.00
3215874.0	-32768.00	-32768.00
3215876.0	-32768.00	-32768.00
3215878.0	-32768.00	-32768.00
3215880.0	-32768.00	-32768.00
3215882.0	-32768.00	-32768.00
3215884.0	-32768.00	-32768.00
3215886.0	-32768.00	-32768.00
3215888.0	-32768.00	-32768.00
3215890.0	-32768.00	-32768.00
3215892.0	-32768.00	-32768.00
3215894.0	-32768.00	-32768.00
3215896.0	-32768.00	-32768.00
3215898.0	-32768.00	-32768.00
3215900.0	-32768.00	-32768.00
3215902.0	-32768.00	-32768.00
3215904.0	-32768.00	-32768.00
3215906.0	-32768.00	-32768.00
3215908.0	-32768.00	-32768.00
3215910.0	-32768.00	-32768.00
3215912.0	-32768.00	-32768.00
3215914.0	-32768.00	-32768.00
3215916.0	-32768.00	-32768.00
3215918.0	-32768.00	-32768.00
3215920.0	-32768.00	-32768.00
3215922.0	-32768.00	-32768.00
3215924.0	-32768.00	-32768.00
3215926.0	-32768.00	-32768.00
3215928.0	-32768.00	-32768.00
3215930.0	-32768.00	-32768.00
3215932.0	-32768.00	-32768.00
3215934.0	-32768.00	-32768.00
3215936.0	-32768.00	-32768.00
3215938.0	-32768.00	-32768.00
3215940.0	-32768.00	-32768.00
3215942.0	-32768.00	-32768.00
3215944.0	-32768.00	-32768.00
3215946.0	-32768.00	-32768.00
3215948.0	-32768.00	-32768.00
3215950.0	-32768.00	-32768.00
3215952.0	-32768.00	-32768.00
3215954.0	-32768.00	-32768.00
3215956.0	-32768.00	-32768.00
3215958.0	-32768.00	-32768.00
3215960.0	-32768.00	-32768.00
3215962.0	-32768.00	-32768.00
3215964.0	-32768.00	-32768.00
3215966.0	-32768.00	-32768.00
3215968.0	-32768.00	-32768.00
3215970.0	-32768.00	-32768.00
3215972.0	-32768.00	-32768.00
3215974.0	-32768.00	-32768.00
3215976.0	-32768.00	-32768.00
3215978.0	-32768.00	-32768.00
3215980.0	-32768.00	-32768.00
3215982.0	-32768.00	-32768.00
3215984.0	-32768.00	-32768.00
3215986.0	-32768.00	-32768.00
3215988.0	-32768.00	-32768.00
3215990.0	-32768.00	-32768.00
3215992.0	-32768.00	-32768.00
3215994.0	-32768.00	-32768.00
3215996.0	-32768.00	-32768.00
3215998.0	-32768.00	-32768.00
3216000.0	-32768.00	-32768.00
3216002.0	-32768.00	-32768.00
3216004.0	-32768.00	-32768.00
3216006.0	-32768.00	-32768.00
3216008.0	-32768.00	-32768.00
3216010.0	-32768.00	-32768.00
3216012.0	-32768.00	-32768.00
3216014.0	-32768.00	-32768.00
3216016.0	-32768.00	-32768.00
3216018.0	-32768.00	-32768.00
3216020.0	-32768.00	-32768.00
3216022.0	-32768.00	-32768.00
3216024.0	-32768.00	-32768.00
3216026.0	-32768.00	-32768.00
3216028.0	-32768.00	-32768.00
3216030.0	-32768.00	-32768.00
3216032.0	-32768.00	-32768.00
3216034.0	-32768.00	-32768.00
3216036.0	-32768.00	-32768.00
3216038.0	-32768.00	-32768.00
3216040.0	-32768.00	-32768.00
3216042.0	-32768.00	-32768.00
3216044.0	-32768.00	-32768.00
3216046.0	-32768.00	-32768.00
3216048.0	-32768.00	-32768.00
3216050.0	-32768.00	-32768.00
3216052.0	-32768.00	-32768.00
3216054.0	-32768.00	-32768.00
3216056.0	-32768.00	-32768.00
3216058.0	-32768.00	-32768.00
3216060.0	-32768.00	-32768.00
3216062.0	-32768.00	-32768.00
3216064.0	-32768.00	-32768.00
3216066.0	-32768.00	-32768.00
3216068.0	-32768.00	-32768.00
3216070.0	-32768.00	-32768.00
3216072.0	-32768.00	-32768.00
3216074.0	-32768.00	-32768.00
3216076.0	-32768.00	-32768.00
3216078.0	-32768.00	-32768.00
3216080.0	-32768.00	-32768.00
3216082.0	-32768.00	-32768.00
3216084.0	-32768.00	-32768.00
3216086.0	-32768.00	-32768.00
3216088.0	-32768.00	-32768.00
3216090.0	-32768.00	-32768.00
3216092.0	-32768.00	-32768.00
3216094.0	-32768.00	-32768.00
3216096.0	-32768.00	-32768.00
3216098.0	-32768.00	-32768.00
3216100.0	-32768.00	-32768.00
3216102.0	-32768.00	-32768.00
3216104.0	-32768.00	-32768.00
3216106.0	-32768.00	-32768.00
3216108.0	-32768.00	-32768.00
3216110.0	-32768.00	-32768.00
3216112.0	-32768.00	-32768.00
3216114.0	-32768.00	-32768.00
3216116.0	-32768.00	-32768.00
3216118.0	-32768.00	-32768.00
