3187712.0	1150.90	793.20
3187714.0	1150.90	795.70
3187716.0	1145.80	795.30
3187718.0	1143.70	794.90
3187720.0	1143.70	794.80
3187722.0	1148.60	803.80
3187724.0	1149.40	802.80
3187726.0	1150.10	802.70
3187728.0	1150.10	803.40
3187730.0	1150.10	803.40
3187732.0	1149.10	805.80
3187734.0	1149.10	805.00
3187736.0	1149.00	805.00
3187738.0	1147.50	805.10
3187740.0	1146.40	798.30
3187742.0	1146.30	798.30
3187744.0	1147.40	798.20
3187746.0	1150.70	799.90
3187748.0	1154.50	801.70
3187750.0	1153.70	804.70
3187752.0	1152.90	804.80
3187754.0	1148.40	801.90
3187756.0	1149.10	802.60
3187758.0	1149.90	802.50
3187760.0	1149.80	800.10
3187762.0	1147.30	800.20
3187764.0	1147.30	798.30
3187766.0	1147.30	796.40
3187768.0	1154.80	796.10
3187770.0	1154.90	796.30
3187772.0	1154.90	796.60
3187774.0	1155.00	797.50
3187776.0	1152.20	798.50
3187778.0	1152.30	800.50
3187780.0	1152.40	801.20
3187782.0	1149.30	802.20
3187784.0	1149.40	801.50
3187786.0	1149.40	800.90
3187788.0	1156.30	800.80
3187790.0	1156.30	800.80
3187792.0	1152.90	799.40
3187794.0	1151.80	799.70
3187796.0	1151.70	799.60
3187798.0	1151.70	798.10
3187800.0	1151.70	798.10
3187802.0	1155.80	797.60
3187804.0	1157.60	797.30
3187806.0	1157.60	797.30
3187808.0	1157.70	802.10
3187810.0	1157.70	802.10
3187812.0	1158.40	793.20
3187814.0	1158.40	793.20
3187816.0	1159.10	792.40
3187818.0	1159.10	792.40
3187820.0	1156.10	802.10
3187822.0	1156.00	802.50
3187824.0	1155.10	802.70
3187826.0	1154.60	802.70
3187828.0	1154.60	803.60
3187830.0	1155.30	803.50
3187832.0	1155.90	797.80
3187834.0	1156.00	797.70
3187836.0	1155.70	797.70
3187838.0	1155.30	797.00
3187840.0	1154.50	797.00
3187842.0	1153.70	797.00
3187844.0	1152.70	797.00
3187846.0	1152.70	797.40
3187848.0	1159.10	797.90
3187850.0	1159.10	798.60
3187852.0	1158.70	798.60
3187854.0	1158.30	794.60
3187856.0	1155.60	794.60
3187858.0	1156.20	794.50
3187860.0	1156.80	794.30
3187862.0	1157.00	794.20
3187864.0	1160.20	794.00
3187866.0	1160.10	792.00
3187868.0	1155.60	792.20
3187870.0	1155.60	796.00
3187872.0	1155.40	795.50
3187874.0	1155.40	795.00
3187876.0	1159.00	794.80
3187878.0	1159.00	793.90
3187880.0	1161.50	793.70
3187882.0	1163.40	796.90
3187884.0	1163.40	796.80
3187886.0	1163.20	797.30
3187888.0	1162.90	797.30
3187890.0	1163.90	798.00
3187892.0	1163.90	797.90
3187894.0	1164.70	797.40
3187896.0	1164.90	797.50
3187898.0	1164.80	797.50
3187900.0	1161.90	798.10
3187902.0	1162.20	798.00
3187904.0	1162.10	798.00
3187906.0	1162.90	798.00
3187908.0	1163.70	797.90
3187910.0	1163.80	803.20
3187912.0	1163.50	803.10
3187914.0	1163.10	795.30
3187916.0	1162.90	795.20
3187918.0	1162.90	795.50
3187920.0	1162.90	795.50
3187922.0	1165.40	795.40
3187924.0	1165.40	799.00
3187926.0	1161.90	799.10
3187928.0	1161.90	799.10
3187930.0	1166.00	798.90
3187932.0	1165.90	795.30
3187934.0	1164.70	795.40
3187936.0	1163.40	795.40
3187938.0	1163.80	794.90
3187940.0	1163.70	794.50
3187942.0	1163.80	795.60
3187944.0	1163.50	796.40
3187946.0	1163.50	796.40
3187948.0	1162.10	794.60
3187950.0	1160.70	792.90
3187952.0	1160.80	794.60
3187954.0	1165.70	796.10
3187956.0	1165.70	796.10
3187958.0	1168.00	795.50
3187960.0	1168.00	795.40
3187962.0	1163.80	797.60
3187964.0	1163.80	797.60
3187966.0	1163.80	796.60
3187968.0	1163.80	796.70
3187970.0	1168.20	795.50
3187972.0	1168.30	794.60
3187974.0	1167.80	794.70
3187976.0	1167.20	794.80
3187978.0	1161.70	795.20
3187980.0	1161.70	795.30
3187982.0	1161.70	790.80
3187984.0	1162.70	790.80
3187986.0	1163.90	799.30
3187988.0	1164.00	799.30
3187990.0	1163.50	799.30
3187992.0	1163.00	800.10
3187994.0	1163.00	800.00
3187996.0	1163.10	798.60
3187998.0	1163.20	798.50
3188000.0	1163.10	798.50
3188002.0	1163.10	795.30
3188004.0	1163.90	795.20
3188006.0	1164.70	795.20
3188008.0	1163.40	794.60
3188010.0	1162.10	793.20
3188012.0	1162.20	793.30
3188014.0	1163.60	795.30
3188016.0	1165.00	796.70
3188018.0	1164.80	798.80
3188020.0	1164.60	798.90
3188022.0	1165.40	800.70
3188024.0	1165.70	801.10
3188026.0	1165.70	801.10
3188028.0	1164.80	795.00
3188030.0	1164.80	794.70
3188032.0	1165.00	794.70
3188034.0	1165.30	798.90
3188036.0	1165.30	798.90
3188038.0	1164.00	791.20
3188040.0	1164.00	791.30
3188042.0	1162.50	791.80
3188044.0	1163.00	792.30
3188046.0	1163.50	793.90
3188048.0	1163.50	799.10
3188050.0	1162.60	799.20
3188052.0	1162.60	799.50
3188054.0	1162.20	799.70
3188056.0	1162.20	799.60
3188058.0	1162.60	799.90
3188060.0	1162.90	799.80
3188062.0	1162.90	795.10
3188064.0	1158.80	795.40
3188066.0	1157.60	790.40
3188068.0	1157.60	790.30
3188070.0	1158.40	790.40
3188072.0	1159.20	790.40
3188074.0	1158.50	789.80
3188076.0	1158.50	790.00
3188078.0	1160.40	790.10
3188080.0	1164.50	798.30
3188082.0	1164.50	799.50
3188084.0	1165.60	799.20
3188086.0	1165.60	799.00
3188088.0	1164.30	798.20
3188090.0	1163.00	797.40
3188092.0	1162.80	793.70
3188094.0	1162.80	793.70
3188096.0	1162.80	792.20
3188098.0	1163.20	792.40
3188100.0	1163.20	792.60
3188102.0	1157.30	799.50
3188104.0	1157.30	799.50
3188106.0	1156.70	792.30
3188108.0	1156.70	792.30
3188110.0	1158.10	795.00
3188112.0	1159.40	796.90
3188114.0	1159.40	796.90
3188116.0	1159.50	795.70
3188118.0	1159.80	794.50
3188120.0	1159.80	794.50
3188122.0	1159.80	794.50
3188124.0	1162.10	794.40
3188126.0	1162.10	794.40
3188128.0	1162.20	799.90
3188130.0	1160.90	799.80
3188132.0	1160.90	799.50
3188134.0	1160.90	799.20
3188136.0	1161.80	798.80
3188138.0	1161.80	799.40
3188140.0	1162.20	799.40
3188142.0	1162.10	793.60
3188144.0	1157.20	792.80
3188146.0	1157.20	791.90
3188148.0	1157.40	791.90
3188150.0	1157.70	796.70
3188152.0	1158.00	796.70
3188154.0	1159.00	798.40
3188156.0	1157.20	798.50
3188158.0	1157.30	799.10
3188160.0	1161.20	798.90
3188162.0	1161.10	794.40
3188164.0	1161.70	794.50
3188166.0	1162.30	794.50
3188168.0	1164.20	794.40
3188170.0	1164.20	793.50
3188172.0	1164.10	793.50
3188174.0	1164.00	797.40
3188176.0	1164.00	799.10
3188178.0	1163.40	799.20
3188180.0	1163.40	795.20
3188182.0	1163.30	795.00
3188184.0	1163.30	795.60
3188186.0	1165.40	796.20
3188188.0	1165.40	796.80
3188190.0	1167.10	797.10
3188192.0	1167.10	800.60
3188194.0	1166.90	801.30
3188196.0	1163.00	801.50
3188198.0	1163.00	801.50
3188200.0	1162.80	803.40
3188202.0	1162.80	803.40
3188204.0	1165.40	803.00
3188206.0	1165.30	802.80
3188208.0	1165.30	800.60
3188210.0	1165.40	800.70
3188212.0	1166.50	801.60
3188214.0	1166.40	801.80
3188216.0	1166.20	800.40
3188218.0	1160.70	799.30
3188220.0	1161.90	795.20
3188222.0	1163.20	795.10
3188224.0	1162.00	797.20
3188226.0	1162.00	799.20
3188228.0	1163.40	802.50
3188230.0	1165.90	802.40
3188232.0	1166.00	801.10
3188234.0	1166.00	799.70
3188236.0	1166.10	797.90
3188238.0	1166.10	797.50
3188240.0	1165.40	797.20
3188242.0	1161.60	801.80
3188244.0	1161.60	802.90
3188246.0	1162.50	803.70
3188248.0	1163.40	803.70
3188250.0	1162.40	803.80
3188252.0	1162.40	803.80
3188254.0	1164.20	803.10
3188256.0	1164.20	800.20
3188258.0	1164.20	800.20
3188260.0	1163.70	799.80
3188262.0	1163.70	799.40
3188264.0	1162.60	799.10
3188266.0	1161.60	796.60
3188268.0	1159.70	794.40
3188270.0	1159.80	794.40
3188272.0	1161.10	794.30
3188274.0	1162.50	794.30
3188276.0	1162.50	794.30
3188278.0	1163.50	794.30
3188280.0	1163.60	798.70
3188282.0	1163.20	798.70
3188284.0	1163.20	800.60
3188286.0	1163.10	800.60
3188288.0	1163.10	800.40
3188290.0	1165.20	800.40
3188292.0	1165.30	800.50
3188294.0	1164.00	802.70
3188296.0	1162.70	802.80
3188298.0	1160.30	799.50
3188300.0	1160.30	801.50
3188302.0	1162.50	802.60
3188304.0	1161.50	802.60
3188306.0	1161.50	803.70
3188308.0	1165.90	802.90
3188310.0	1165.90	802.40
3188312.0	1167.50	802.00
3188314.0	1167.50	802.10
3188316.0	1165.50	802.20
3188318.0	1159.90	801.20
3188320.0	1159.90	801.70
3188322.0	1160.90	801.70
3188324.0	1160.60	804.10
3188326.0	1160.60	804.20
3188328.0	1161.60	801.50
3188330.0	1162.60	801.40
3188332.0	1161.80	798.20
3188334.0	1161.80	798.60
3188336.0	1163.40	798.90
3188338.0	1164.30	799.60
3188340.0	1165.20	799.50
3188342.0	1168.30	802.30
3188344.0	1168.30	802.20
3188346.0	1167.60	802.20
3188348.0	1166.80	802.30
3188350.0	1166.50	804.60
3188352.0	1166.20	804.70
3188354.0	1162.90	796.90
3188356.0	1162.90	795.20
3188358.0	1162.90	795.20
3188360.0	1164.30	798.00
3188362.0	1164.30	799.20
3188364.0	1167.00	799.00
3188366.0	1168.40	799.00
3188368.0	1168.50	804.40
3188370.0	1168.50	804.50
3188372.0	1168.50	804.70
3188374.0	1168.50	804.80
3188376.0	1168.30	804.50
3188378.0	1168.30	804.20
3188380.0	1167.60	803.00
3188382.0	1166.80	801.90
3188384.0	1165.40	801.00
3188386.0	1164.00	801.10
3188388.0	1164.00	803.10
3188390.0	1168.00	803.00
3188392.0	1168.00	801.10
3188394.0	1161.50	803.60
3188396.0	1161.50	803.60
3188398.0	1161.50	803.50
3188400.0	1162.50	804.30
3188402.0	1163.50	804.80
3188404.0	1162.90	804.90
3188406.0	1162.20	802.90
3188408.0	1162.20	802.80
3188410.0	1161.60	804.40
3188412.0	1161.60	804.30
3188414.0	1163.00	804.20
3188416.0	1164.40	800.90
3188418.0	1164.40	801.00
3188420.0	1165.70	801.00
3188422.0	1165.70	802.30
3188424.0	1165.10	802.30
3188426.0	1164.40	802.30
3188428.0	1164.50	801.50
3188430.0	1164.50	800.60
3188432.0	1163.90	796.30
3188434.0	1163.20	797.70
3188436.0	1163.60	799.00
3188438.0	1163.60	799.60
3188440.0	1162.40	800.20
3188442.0	1162.70	801.20
3188444.0	1163.10	802.20
3188446.0	1163.70	801.90
3188448.0	1163.70	801.80
3188450.0	1159.80	801.80
3188452.0	1159.80	801.70
3188454.0	1161.40	801.50
3188456.0	1161.60	796.30
3188458.0	1161.60	796.20
3188460.0	1160.00	798.00
3188462.0	1160.00	799.90
3188464.0	1160.10	808.80
3188466.0	1160.10	808.80
3188468.0	1160.10	805.60
3188470.0	1160.90	803.30
3188472.0	1163.50	803.20
3188474.0	1163.60	803.10
3188476.0	1163.80	803.40
3188478.0	1163.30	803.40
3188480.0	1162.90	801.50
3188482.0	1164.10	799.50
3188484.0	1164.10	798.20
3188486.0	1162.10	799.00
3188488.0	1162.10	799.70
3188490.0	1163.20	802.20
3188492.0	1163.10	800.30
3188494.0	1163.10	798.40
3188496.0	1162.60	796.80
3188498.0	1162.60	796.80
3188500.0	1163.80	797.50
3188502.0	1166.40	798.00
3188504.0	1164.80	804.10
3188506.0	1164.60	804.10
3188508.0	1164.50	803.80
3188510.0	1165.00	803.40
3188512.0	1164.90	799.60
3188514.0	1165.60	800.80
3188516.0	1166.40	801.90
3188518.0	1166.30	802.00
3188520.0	1167.20	801.80
3188522.0	1167.20	797.60
3188524.0	1165.60	797.70
3188526.0	1164.00	799.00
3188528.0	1163.50	800.30
3188530.0	1162.80	801.60
3188532.0	1162.20	801.10
3188534.0	1162.20	801.20
3188536.0	1159.90	802.50
3188538.0	1160.00	802.10
3188540.0	1160.00	801.70
3188542.0	1161.00	801.80
3188544.0	1161.00	802.00
3188546.0	1161.10	802.20
3188548.0	1158.60	805.30
3188550.0	1158.60	806.20
3188552.0	1160.40	804.30
3188554.0	1160.40	802.60
3188556.0	1159.80	802.50
3188558.0	1159.20	802.40
3188560.0	1157.60	802.60
3188562.0	1157.90	802.80
3188564.0	1157.80	803.70
3188566.0	1156.60	803.60
3188568.0	1156.50	799.10
3188570.0	1156.40	798.90
3188572.0	1152.40	797.40
3188574.0	1152.30	797.20
3188576.0	1158.60	801.00
3188578.0	1160.70	802.90
3188580.0	1160.30	802.90
3188582.0	1159.90	802.80
3188584.0	1159.80	802.70
3188586.0	1161.00	802.60
3188588.0	1161.00	801.60
3188590.0	1162.10	801.50
3188592.0	1162.00	801.50
3188594.0	1162.00	800.10
3188596.0	1162.00	798.80
3188598.0	1156.40	801.40
3188600.0	1156.50	803.70
3188602.0	1156.40	801.80
3188604.0	1161.90	801.50
3188606.0	1161.80	801.40
3188608.0	1162.00	801.10
3188610.0	1162.10	801.00
3188612.0	1161.90	801.40
3188614.0	1157.10	801.40
3188616.0	1157.00	801.40
3188618.0	1156.80	801.30
3188620.0	1157.40	801.20
3188622.0	1157.40	800.70
3188624.0	1157.30	800.70
3188626.0	1156.10	802.10
3188628.0	1156.20	803.30
3188630.0	1156.20	803.30
3188632.0	1156.20	803.30
3188634.0	1158.90	803.00
3188636.0	1158.90	803.00
3188638.0	1159.00	803.00
3188640.0	1158.90	798.70
3188642.0	1158.90	796.20
3188644.0	1159.10	796.20
3188646.0	1159.10	796.50
3188648.0	1159.10	795.20
3188650.0	1159.90	795.20
3188652.0	1159.50	800.20
3188654.0	1159.10	800.30
3188656.0	1159.10	799.70
3188658.0	1162.00	799.60
3188660.0	1162.00	799.70
3188662.0	1163.10	800.30
3188664.0	1163.00	800.90
3188666.0	1162.80	803.70
3188668.0	1160.30	803.80
3188670.0	1161.20	801.90
3188672.0	1162.00	801.60
3188674.0	1163.70	801.40
3188676.0	1163.70	802.50
3188678.0	1163.60	802.50
3188680.0	1163.60	802.20
3188682.0	1163.60	801.80
3188684.0	1158.40	801.00
3188686.0	1158.40	801.00
3188688.0	1156.70	801.10
3188690.0	1156.70	801.90
3188692.0	1161.80	801.80
3188694.0	1161.70	792.50
3188696.0	1161.30	792.20
3188698.0	1161.20	792.30
3188700.0	1161.30	795.20
3188702.0	1161.40	798.20
3188704.0	1161.80	798.40
3188706.0	1161.80	798.60
3188708.0	1160.30	801.50
3188710.0	1156.50	801.30
3188712.0	1156.40	801.20
3188714.0	1156.40	803.10
3188716.0	1153.70	804.40
3188718.0	1153.60	804.30
3188720.0	1154.20	806.10
3188722.0	1154.80	806.10
3188724.0	1161.40	800.80
3188726.0	1161.40	800.80
3188728.0	1160.90	803.00
3188730.0	1160.30	805.70
3188732.0	1157.50	805.70
3188734.0	1157.80	804.30
3188736.0	1158.00	802.80
3188738.0	1156.70	802.90
3188740.0	1156.70	803.00
3188742.0	1162.00	803.00
3188744.0	1162.00	803.00
3188746.0	1156.20	801.80
3188748.0	1156.20	800.80
3188750.0	1156.10	800.10
3188752.0	1155.90	800.10
3188754.0	1155.90	800.10
3188756.0	1160.20	799.90
3188758.0	1160.20	803.00
3188760.0	1160.20	803.00
3188762.0	1160.70	802.70
3188764.0	1160.70	802.70
3188766.0	1159.60	802.80
3188768.0	1158.60	801.00
3188770.0	1158.60	801.90
3188772.0	1158.60	802.10
3188774.0	1158.50	802.20
3188776.0	1158.50	799.30
3188778.0	1158.50	799.40
3188780.0	1158.60	804.30
3188782.0	1158.20	804.50
3188784.0	1154.50	799.00
3188786.0	1154.50	799.10
3188788.0	1157.30	803.80
3188790.0	1160.70	803.90
3188792.0	1160.70	797.50
3188794.0	1154.10	798.00
3188796.0	1154.60	798.70
3188798.0	1154.60	799.50
3188800.0	1154.60	800.40
3188802.0	1158.50	800.70
3188804.0	1158.50	800.70
3188806.0	1157.70	800.60
3188808.0	1157.60	800.30
3188810.0	1156.40	800.10
3188812.0	1156.40	800.00
3188814.0	1154.10	798.60
3188816.0	1153.90	798.20
3188818.0	1154.90	797.90
3188820.0	1155.90	797.60
3188822.0	1155.80	797.40
3188824.0	1155.70	797.30
3188826.0	1160.10	798.50
3188828.0	1160.10	798.50
3188830.0	1157.30	801.00
3188832.0	1157.30	802.60
3188834.0	1153.30	802.80
3188836.0	1153.30	800.60
3188838.0	1153.30	801.50
3188840.0	1153.30	801.50
3188842.0	1158.00	801.40
3188844.0	1158.00	801.10
3188846.0	1153.60	801.00
3188848.0	1153.60	801.10
3188850.0	1153.70	806.10
3188852.0	1154.30	806.10
3188854.0	1155.00	803.40
3188856.0	1155.00	803.50
3188858.0	1155.10	803.80
3188860.0	1171.30	803.40
3188862.0	1193.20	816.00
3188864.0	1217.70	833.10
3188866.0	1254.60	852.50
3188868.0	1307.70	874.90
3188870.0	1346.40	881.20
3188872.0	1387.70	888.70
3188874.0	1437.90	900.20
3188876.0	1486.10	900.20
3188878.0	1530.60	923.90
3188880.0	1589.80	930.60
3188882.0	1632.60	939.70
3188884.0	1686.20	943.20
3188886.0	1740.00	955.00
3188888.0	1789.10	964.60
3188890.0	1845.50	975.30
3188892.0	1893.80	979.00
3188894.0	1957.10	988.00
3188896.0	2009.00	998.60
3188898.0	2065.20	1006.80
3188900.0	2113.40	1007.50
3188902.0	2165.00	1008.70
3188904.0	2224.50	1023.70
3188906.0	2284.00	1028.10
3188908.0	2340.50	1032.70
3188910.0	2391.40	1041.70
3188912.0	2440.90	1044.60
3188914.0	2498.30	1048.20
3188916.0	2548.20	1055.70
3188918.0	2595.60	1065.30
3188920.0	2655.20	1065.80
3188922.0	2698.70	1065.20
3188924.0	2747.50	1047.20
3188926.0	2799.30	1052.00
3188928.0	2846.30	1063.90
3188930.0	2905.90	1123.30
3188932.0	2962.60	1184.70
3188934.0	2994.60	1337.80
3188936.0	2338.70	1660.50
3188938.0	2228.40	1672.70
3188940.0	2225.20	1650.20
3188942.0	2311.20	1660.40
3188944.0	2405.20	1710.30
3188946.0	3270.00	2096.90
3188948.0	3270.00	2164.20
3188950.0	2781.30	1948.00
3188952.0	2781.70	1950.00
3188954.0	2781.60	1950.00
3188956.0	2937.40	1959.50
3188958.0	3256.90	1946.00
3188960.0	-32768.00	-32768.00
3188962.0	-32768.00	-32768.00
3188964.0	3270.00	2009.60
3188966.0	3270.00	1951.40
3188968.0	3270.00	1875.20
3188970.0	3270.00	1845.50
3188972.0	3270.00	1829.00
3188974.0	3270.00	1835.30
3188976.0	3270.00	1721.20
3188978.0	3270.00	1721.20
3188980.0	3270.00	1700.00
3188982.0	3270.00	1706.90
3188984.0	3270.00	1581.50
3188986.0	3270.00	1587.40
3188988.0	3270.00	1595.60
3188990.0	3270.00	1618.80
3188992.0	3270.00	1621.00
3188994.0	3270.00	1626.10
3188996.0	3270.00	1645.80
3188998.0	3270.00	1706.00
3189000.0	3270.00	1706.80
3189002.0	3270.00	1707.00
3189004.0	3270.00	1714.80
3189006.0	3270.00	1750.90
3189008.0	3270.00	1745.90
3189010.0	3270.00	1736.40
3189012.0	3270.00	1736.30
3189014.0	3270.00	1745.30
3189016.0	3270.00	1768.10
3189018.0	3270.00	1782.70
3189020.0	3270.00	1781.30
3189022.0	3270.00	1818.00
3189024.0	3270.00	1841.60
3189026.0	3270.00	1841.30
3189028.0	3270.00	1857.00
3189030.0	3270.00	1857.00
3189032.0	3270.00	1856.30
3189034.0	3270.00	1861.80
3189036.0	3270.00	1867.40
3189038.0	3270.00	1868.30
3189040.0	3270.00	1869.70
3189042.0	3270.00	1870.60
3189044.0	3270.00	1871.20
3189046.0	3270.00	1870.30
3189048.0	3270.00	1870.30
3189050.0	3270.00	1867.70
3189052.0	3270.00	1868.20
3189054.0	3270.00	1868.30
3189056.0	3270.00	1868.30
3189058.0	3270.00	1875.10
3189060.0	3270.00	1874.70
3189062.0	3270.00	1863.00
3189064.0	3270.00	1863.00
3189066.0	3270.00	1861.00
3189068.0	3270.00	1863.60
3189070.0	3270.00	1872.00
3189072.0	3270.00	1877.20
3189074.0	3270.00	1876.30
3189076.0	3270.00	1876.70
3189078.0	3270.00	1876.60
3189080.0	3270.00	1874.80
3189082.0	3270.00	1874.80
3189084.0	3270.00	1872.60
3189086.0	3270.00	1872.00
3189088.0	3270.00	1872.00
3189090.0	3270.00	1878.60
3189092.0	3270.00	1878.60
3189094.0	3270.00	1879.50
3189096.0	3270.00	1879.50
3189098.0	3270.00	1873.70
3189100.0	3270.00	1873.70
3189102.0	3270.00	1874.00
3189104.0	3270.00	1873.00
3189106.0	3270.00	1873.00
3189108.0	3270.00	1873.10
3189110.0	3270.00	1873.20
3189112.0	3270.00	1878.50
3189114.0	3270.00	1878.50
3189116.0	3270.00	1871.70
3189118.0	3270.00	1871.70
3189120.0	3270.00	1871.30
3189122.0	3270.00	1872.70
3189124.0	3270.00	1874.00
3189126.0	3270.00	1881.90
3189128.0	3270.00	1884.90
3189130.0	3270.00	1885.20
3189132.0	3270.00	1875.10
3189134.0	3270.00	1875.20
3189136.0	3270.00	1884.80
3189138.0	3270.00	1884.10
3189140.0	3270.00	1883.20
3189142.0	3270.00	1883.10
3189144.0	3270.00	1885.70
3189146.0	3270.00	1882.10
3189148.0	3270.00	1878.20
3189150.0	3270.00	1878.60
3189152.0	3270.00	1878.00
3189154.0	3270.00	1878.10
3189156.0	3270.00	1879.60
3189158.0	3270.00	1879.60
3189160.0	3270.00	1880.90
3189162.0	3270.00	1883.50
3189164.0	3270.00	1884.80
3189166.0	3270.00	1884.80
3189168.0	3270.00	1876.10
3189170.0	3270.00	1874.90
3189172.0	3270.00	1876.70
3189174.0	3270.00	1876.90
3189176.0	3270.00	1877.40
3189178.0	3270.00	1878.80
3189180.0	3270.00	1879.70
3189182.0	3270.00	1879.90
3189184.0	3270.00	1886.10
3189186.0	3270.00	1886.00
3189188.0	3270.00	1885.90
3189190.0	3270.00	1886.10
3189192.0	3270.00	1886.10
3189194.0	3270.00	1876.80
3189196.0	3270.00	1876.80
3189198.0	3270.00	1880.10
3189200.0	3270.00	1880.20
3189202.0	3270.00	1878.20
3189204.0	3270.00	1879.70
3189206.0	3270.00	1875.40
3189208.0	3270.00	1875.30
3189210.0	3270.00	1877.30
3189212.0	3270.00	1878.90
3189214.0	3270.00	1879.90
3189216.0	3270.00	1879.10
3189218.0	3270.00	1876.70
3189220.0	3270.00	1876.80
3189222.0	3270.00	1877.80
3189224.0	3270.00	1877.70
3189226.0	3270.00	1878.70
3189228.0	3270.00	1874.40
3189230.0	3270.00	1875.50
3189232.0	3270.00	1873.10
3189234.0	3270.00	1871.10
3189236.0	3270.00	1856.40
3189238.0	3270.00	1850.70
3189240.0	3270.00	1810.10
3189242.0	3270.00	1726.70
3189244.0	3270.00	1673.70
3189246.0	3270.00	1597.50
3189248.0	3270.00	1511.50
3189250.0	3270.00	1425.90
3189252.0	3270.00	1355.70
3189254.0	3228.20	1298.70
3189256.0	3113.40	1233.40
3189258.0	3017.10	1160.70
3189260.0	2912.50	1106.50
3189262.0	2839.40	1061.90
3189264.0	2759.00	1011.90
3189266.0	2658.40	967.50
3189268.0	2578.80	912.20
3189270.0	2507.90	881.60
3189272.0	2434.50	836.60
3189274.0	2357.50	804.90
3189276.0	2291.20	774.70
3189278.0	2231.50	755.50
3189280.0	2175.80	729.20
3189282.0	2112.20	708.10
3189284.0	2043.50	680.60
3189286.0	1988.90	656.00
3189288.0	1938.60	633.80
3189290.0	1885.40	600.10
3189292.0	1838.70	566.10
3189294.0	1786.80	539.20
3189296.0	1730.20	518.40
3189298.0	1670.90	494.30
3189300.0	1618.00	470.60
3189302.0	1558.50	473.50
3189304.0	1508.20	434.80
3189306.0	1449.60	433.70
3189308.0	1404.50	414.00
3189310.0	1356.30	400.00
3189312.0	1330.50	399.50
3189314.0	1295.70	401.00
3189316.0	1246.30	420.50
3189318.0	1200.60	422.50
3189320.0	1162.10	445.00
3189322.0	1138.00	464.70
3189324.0	1132.40	485.20
3189326.0	1132.20	488.50
3189328.0	1148.90	491.00
3189330.0	1148.90	490.80
3189332.0	1133.30	487.70
3189334.0	1102.00	485.20
3189336.0	1081.80	478.20
3189338.0	1049.10	456.70
3189340.0	1029.40	457.60
3189342.0	1013.60	473.30
3189344.0	1003.00	475.10
3189346.0	1001.70	477.50
3189348.0	995.00	509.50
3189350.0	975.40	520.20
3189352.0	954.90	562.70
3189354.0	930.80	634.80
3189356.0	918.70	652.90
3189358.0	918.50	666.20
3189360.0	924.40	689.20
3189362.0	948.80	690.10
3189364.0	968.30	707.60
3189366.0	970.30	707.50
3189368.0	973.70	723.90
3189370.0	975.10	749.20
3189372.0	976.40	753.30
3189374.0	979.80	753.10
3189376.0	989.20	753.60
3189378.0	989.20	753.40
3189380.0	988.60	753.20
3189382.0	988.40	753.10
3189384.0	986.00	753.20
3189386.0	986.00	753.10
3189388.0	986.60	765.60
3189390.0	992.90	765.20
3189392.0	992.90	764.80
3189394.0	993.50	761.40
3189396.0	993.40	757.80
3189398.0	993.40	757.70
3189400.0	993.40	757.90
3189402.0	994.90	757.70
3189404.0	996.50	757.60
3189406.0	996.50	757.90
3189408.0	996.50	757.90
3189410.0	1000.20	757.90
3189412.0	1000.80	757.70
3189414.0	1000.80	757.40
3189416.0	1000.70	757.30
3189418.0	1010.10	757.70
3189420.0	1010.10	757.70
3189422.0	999.10	756.30
3189424.0	999.10	755.80
3189426.0	999.00	754.50
3189428.0	999.00	754.50
3189430.0	1002.30	754.30
3189432.0	1005.40	752.50
3189434.0	1005.40	752.50
3189436.0	1002.00	748.10
3189438.0	1002.00	748.00
3189440.0	1003.40	747.90
3189442.0	1003.00	755.50
3189444.0	1003.00	757.40
3189446.0	1003.20	757.30
3189448.0	1003.40	759.10
3189450.0	1007.00	758.90
3189452.0	1007.80	754.30
3189454.0	1007.80	754.20
3189456.0	1008.50	754.20
3189458.0	1008.50	752.70
3189460.0	1008.60	751.20
3189462.0	1012.00	750.60
3189464.0	1011.90	750.60
3189466.0	1011.90	752.20
3189468.0	1017.50	751.90
3189470.0	1017.50	754.60
3189472.0	1012.70	754.70
3189474.0	1012.80	755.80
3189476.0	1010.50	756.00
3189478.0	1010.50	756.10
3189480.0	1020.00	755.90
3189482.0	1020.00	755.80
3189484.0	1020.10	752.60
3189486.0	1020.10	753.50
3189488.0	1018.60	753.50
3189490.0	1015.70	753.90
3189492.0	1015.70	754.20
3189494.0	1028.30	755.20
3189496.0	1028.30	754.40
3189498.0	1024.40	753.90
3189500.0	1024.40	748.60
3189502.0	1023.90	748.70
3189504.0	1023.30	750.70
3189506.0	1022.40	752.70
3189508.0	1021.60	754.70
3189510.0	1021.60	754.80
3189512.0	1022.30	754.80
3189514.0	1022.00	750.20
3189516.0	1022.00	750.10
3189518.0	1024.00	750.90
3189520.0	1025.10	750.90
3189522.0	1026.70	752.70
3189524.0	1026.20	752.80
3189526.0	1026.30	752.70
3189528.0	1026.30	752.50
3189530.0	1026.30	754.70
3189532.0	1028.50	754.60
3189534.0	1028.40	753.70
3189536.0	1026.00	753.70
3189538.0	1026.00	753.70
3189540.0	1025.20	750.40
3189542.0	1025.20	750.40
3189544.0	1025.60	750.40
3189546.0	1026.00	754.60
3189548.0	1028.70	754.40
3189550.0	1028.70	754.40
3189552.0	1027.50	752.10
3189554.0	1027.50	753.50
3189556.0	1036.20	754.50
3189558.0	1036.30	754.60
3189560.0	1033.90	753.60
3189562.0	1031.50	752.70
3189564.0	1029.80	746.70
3189566.0	1029.90	746.90
3189568.0	1029.80	752.80
3189570.0	1029.90	752.80
3189572.0	1034.80	752.60
3189574.0	1034.80	751.60
3189576.0	1035.00	751.60
3189578.0	1035.00	757.50
3189580.0	1032.90	757.60
3189582.0	1032.60	757.50
3189584.0	1032.30	759.30
3189586.0	1028.80	759.50
3189588.0	1029.50	751.50
3189590.0	1030.10	751.50
3189592.0	1030.10	751.50
3189594.0	1031.40	751.50
3189596.0	1032.80	751.70
3189598.0	1036.60	750.00
3189600.0	1036.50	750.00
3189602.0	1033.30	751.00
3189604.0	1033.50	751.90
3189606.0	1033.30	752.20
3189608.0	1033.20	752.20
3189610.0	1033.10	752.10
3189612.0	1033.20	756.70
3189614.0	1031.00	756.80
3189616.0	1031.00	754.90
3189618.0	1037.90	754.50
3189620.0	1037.90	754.70
3189622.0	1037.80	754.60
3189624.0	1037.80	751.10
3189626.0	1040.80	745.30
3189628.0	1039.40	745.40
3189630.0	1039.50	747.40
3189632.0	1039.50	749.30
3189634.0	1038.50	749.60
3189636.0	1038.50	749.70
3189638.0	1038.50	749.70
3189640.0	1037.10	749.90
3189642.0	1037.10	753.80
3189644.0	1037.10	754.20
3189646.0	1034.70	754.50
3189648.0	1034.70	754.30
3189650.0	1035.40	754.00
3189652.0	1035.50	754.10
3189654.0	1035.50	753.20
3189656.0	1035.50	753.20
3189658.0	1038.60	754.30
3189660.0	1038.70	753.70
3189662.0	1038.90	753.70
3189664.0	1038.90	753.40
3189666.0	1035.90	753.60
3189668.0	1035.90	753.70
3189670.0	1038.40	753.60
3189672.0	1042.00	753.70
3189674.0	1042.90	756.70
3189676.0	1042.80	757.20
3189678.0	1041.40	757.30
3189680.0	1039.90	756.50
3189682.0	1039.30	752.60
3189684.0	1038.70	752.50
3189686.0	1038.70	754.90
3189688.0	1038.70	754.50
3189690.0	1040.00	754.30
3189692.0	1041.20	753.00
3189694.0	1041.10	751.60
3189696.0	1041.00	749.40
3189698.0	1040.90	749.30
3189700.0	1041.80	754.70
3189702.0	1041.70	754.60
3189704.0	1041.70	754.50
3189706.0	1041.80	754.40
3189708.0	1041.70	751.60
3189710.0	1042.40	751.10
3189712.0	1042.40	750.60
3189714.0	1038.10	750.70
3189716.0	1038.20	749.30
3189718.0	1038.20	749.40
3189720.0	1033.10	749.80
3189722.0	1033.10	749.80
3189724.0	1033.10	750.50
3189726.0	1034.70	750.60
3189728.0	1034.60	750.70
3189730.0	1034.70	750.90
3189732.0	1034.90	750.90
3189734.0	1038.90	750.40
3189736.0	1038.90	750.50
3189738.0	1039.40	752.10
3189740.0	1039.40	752.20
3189742.0	1039.40	752.40
3189744.0	1039.50	752.60
3189746.0	1040.00	749.60
3189748.0	1040.10	749.80
3189750.0	1040.20	750.20
3189752.0	1041.50	750.60
3189754.0	1041.80	760.10
3189756.0	1041.20	760.20
3189758.0	1040.70	759.80
3189760.0	1040.70	759.20
3189762.0	1044.20	757.20
3189764.0	1044.20	752.70
3189766.0	1044.20	752.60
3189768.0	1043.20	752.50
3189770.0	1043.20	752.50
3189772.0	1047.20	753.80
3189774.0	1047.20	753.50
3189776.0	1047.70	753.10
3189778.0	1047.60	753.00
3189780.0	1046.20	757.80
3189782.0	1044.70	757.80
3189784.0	1045.20	755.00
3189786.0	1045.20	751.50
3189788.0	1042.60	749.40
3189790.0	1042.30	749.40
3189792.0	1042.00	749.70
3189794.0	1041.70	750.00
3189796.0	1041.70	756.50
3189798.0	1041.80	756.60
3189800.0	1037.80	745.50
3189802.0	1036.60	745.60
3189804.0	1036.60	745.50
3189806.0	1036.20	745.10
3189808.0	1036.20	745.10
3189810.0	1038.80	748.20
3189812.0	1038.90	748.20
3189814.0	1038.90	748.30
3189816.0	1041.80	752.40
3189818.0	1038.50	752.60
3189820.0	1038.60	752.80
3189822.0	1037.20	753.90
3189824.0	1037.70	754.00
3189826.0	1038.30	754.10
3189828.0	1038.40	748.00
3189830.0	1037.70	745.00
3189832.0	1037.80	745.10
3189834.0	1039.20	748.30
3189836.0	1040.70	749.10
3189838.0	1038.20	749.90
3189840.0	1038.30	750.00
3189842.0	1041.40	751.60
3189844.0	1041.50	750.80
3189846.0	1039.40	750.00
3189848.0	1039.50	750.00
3189850.0	1040.20	750.10
3189852.0	1040.40	753.70
3189854.0	1038.60	753.90
3189856.0	1038.70	755.70
3189858.0	1039.00	755.70
3189860.0	1039.30	755.50
3189862.0	1039.30	755.50
3189864.0	1039.40	755.50
3189866.0	1039.40	748.60
3189868.0	1039.30	748.60
3189870.0	1039.30	748.50
3189872.0	1038.50	748.60
3189874.0	1038.50	755.40
3189876.0	1038.50	755.40
3189878.0	1040.40	748.90
3189880.0	1039.70	748.80
3189882.0	1039.60	753.40
3189884.0	1039.60	753.70
3189886.0	1037.10	753.70
3189888.0	1037.00	753.70
3189890.0	1037.50	753.70
3189892.0	1038.00	753.70
3189894.0	1039.30	753.60
3189896.0	1039.10	753.60
3189898.0	1039.10	753.50
3189900.0	1040.30	753.20
3189902.0	1040.30	753.90
3189904.0	1040.40	754.00
3189906.0	1039.10	750.10
3189908.0	1040.10	750.40
3189910.0	1040.40	752.20
3189912.0	1040.50	752.40
3189914.0	1040.40	752.60
3189916.0	1040.40	755.40
3189918.0	1042.60	755.30
3189920.0	1042.60	755.30
3189922.0	1035.50	755.20
3189924.0	1035.50	754.80
3189926.0	1035.50	754.70
3189928.0	1040.50	754.20
3189930.0	1041.50	754.10
3189932.0	1041.50	756.30
3189934.0	1041.30	756.30
3189936.0	1041.20	756.20
3189938.0	1038.10	755.30
3189940.0	1037.60	755.50
3189942.0	1037.60	755.60
3189944.0	1040.90	755.00
3189946.0	1040.90	754.70
3189948.0	1041.00	754.70
3189950.0	1040.50	755.60
3189952.0	1040.10	754.30
3189954.0	1038.90	753.00
3189956.0	1038.90	753.00
3189958.0	1038.60	753.00
3189960.0	1038.30	755.80
3189962.0	1038.20	755.50
3189964.0	1038.20	755.20
3189966.0	1039.10	755.10
3189968.0	1040.90	755.00
3189970.0	1042.60	754.90
3189972.0	1042.60	754.40
3189974.0	1038.50	752.90
3189976.0	1038.50	753.00
3189978.0	1038.70	754.20
3189980.0	1038.80	754.30
3189982.0	1038.90	754.50
3189984.0	1038.70	754.70
3189986.0	1038.70	753.20
3189988.0	1038.40	753.30
3189990.0	1038.60	760.00
3189992.0	1038.60	760.10
3189994.0	1042.40	760.80
3189996.0	1041.10	760.90
3189998.0	1039.90	759.80
3190000.0	1039.90	759.90
3190002.0	1039.80	759.00
3190004.0	1039.90	758.10
3190006.0	1039.80	761.10
3190008.0	1038.60	761.20
3190010.0	1038.40	757.50
3190012.0	1038.40	757.60
3190014.0	1039.60	757.50
3190016.0	1040.40	757.40
3190018.0	1038.60	757.40
3190020.0	1038.60	757.50
3190022.0	1039.10	757.50
3190024.0	1039.60	755.90
3190026.0	1038.80	756.00
3190028.0	1038.00	756.60
3190030.0	1035.60	756.80
3190032.0	1035.70	756.30
3190034.0	1034.50	756.50
3190036.0	1034.60	756.10
3190038.0	1033.70	756.30
3190040.0	1033.60	756.40
3190042.0	1033.70	756.50
3190044.0	1041.40	759.50
3190046.0	1041.50	760.40
3190048.0	1037.00	760.80
3190050.0	1037.00	760.80
3190052.0	1038.80	760.50
3190054.0	1038.80	760.50
3190056.0	1039.70	760.20
3190058.0	1039.60	759.80
3190060.0	1040.10	759.90
3190062.0	1040.10	759.90
3190064.0	1039.80	759.30
3190066.0	1039.50	758.60
3190068.0	1038.80	756.30
3190070.0	1038.80	753.70
3190072.0	1038.90	753.10
3190074.0	1037.90	753.30
3190076.0	1037.00	757.60
3190078.0	1036.70	757.70
3190080.0	1036.80	757.80
3190082.0	1036.50	765.40
3190084.0	1036.10	765.50
3190086.0	1034.50	753.80
3190088.0	1034.50	753.80
3190090.0	1035.20	754.10
3190092.0	1033.80	754.00
3190094.0	1032.30	755.00
3190096.0	1033.60	755.00
3190098.0	1035.00	754.80
3190100.0	1034.90	751.30
3190102.0	1034.90	751.30
3190104.0	1043.80	752.40
3190106.0	1043.80	753.80
3190108.0	1038.90	754.10
3190110.0	1036.20	753.00
3190112.0	1036.20	752.80
3190114.0	1036.20	752.90
3190116.0	1041.40	755.60
3190118.0	1041.40	755.30
3190120.0	1036.50	755.60
3190122.0	1036.60	757.20
3190124.0	1036.60	757.30
3190126.0	1036.70	754.70
3190128.0	1036.10	754.80
3190130.0	1035.60	756.40
3190132.0	1026.40	756.90
3190134.0	1001.20	760.20
3190136.0	967.10	763.80
3190138.0	929.70	771.80
3190140.0	890.90	773.40
3190142.0	830.20	775.80
3190144.0	784.40	777.40
3190146.0	740.80	769.40
3190148.0	690.20	757.60
3190150.0	654.60	758.60
3190152.0	600.00	741.90
3190154.0	552.70	733.30
3190156.0	512.70	732.50
3190158.0	459.30	731.70
3190160.0	432.20	731.60
3190162.0	385.50	729.50
3190164.0	354.40	729.50
3190166.0	311.80	729.40
3190168.0	287.90	727.10
3190170.0	252.00	722.90
3190172.0	221.90	712.60
3190174.0	195.80	714.40
3190176.0	156.10	715.30
3190178.0	126.60	714.30
3190180.0	86.10	712.40
3190182.0	67.90	711.60
3190184.0	43.00	716.30
3190186.0	23.20	714.50
3190188.0	9.60	712.80
3190190.0	6.40	711.20
3190192.0	4.00	709.60
3190194.0	1.60	708.40
3190196.0	3.10	703.10
3190198.0	4.80	703.10
3190200.0	5.20	702.80
3190202.0	23.40	703.40
3190204.0	28.00	702.10
3190206.0	28.10	700.60
3190208.0	28.10	700.90
3190210.0	27.90	700.80
3190212.0	16.40	699.00
3190214.0	16.20	697.80
3190216.0	15.40	697.70
3190218.0	15.20	697.30
3190220.0	18.90	697.40
3190222.0	19.20	697.90
3190224.0	19.50	698.50
3190226.0	21.00	697.80
3190228.0	21.50	697.80
3190230.0	19.70	697.60
3190232.0	19.40	699.20
3190234.0	19.10	700.80
3190236.0	19.10	700.90
3190238.0	18.20	700.90
3190240.0	18.20	700.90
3190242.0	26.10	703.90
3190244.0	26.10	703.90
3190246.0	26.00	700.90
3190248.0	19.60	696.20
3190250.0	19.60	696.20
3190252.0	20.10	698.70
3190254.0	20.70	701.30
3190256.0	20.30	701.70
3190258.0	20.20	702.20
3190260.0	18.60	704.30
3190262.0	18.30	703.30
3190264.0	18.30	702.30
3190266.0	21.40	701.40
3190268.0	21.40	700.30
3190270.0	21.40	700.70
3190272.0	21.30	701.20
3190274.0	19.60	701.00
3190276.0	19.50	701.00
3190278.0	19.20	697.80
3190280.0	19.20	697.80
3190282.0	18.60	698.20
3190284.0	18.60	698.50
3190286.0	19.10	698.50
3190288.0	19.10	697.90
3190290.0	15.60	698.80
3190292.0	15.60	698.80
3190294.0	19.60	698.90
3190296.0	22.80	699.50
3190298.0	22.70	699.40
3190300.0	21.10	697.30
3190302.0	18.30	697.70
3190304.0	18.20	697.60
3190306.0	20.50	697.70
3190308.0	20.40	698.80
3190310.0	21.20	698.80
3190312.0	21.10	697.60
3190314.0	21.10	696.30
3190316.0	21.10	696.70
3190318.0	22.40	696.80
3190320.0	22.20	696.70
3190322.0	22.20	702.40
3190324.0	23.00	702.40
3190326.0	22.80	695.90
3190328.0	23.10	695.90
3190330.0	23.00	694.00
3190332.0	19.30	693.80
3190334.0	18.10	698.60
3190336.0	18.30	698.60
3190338.0	18.40	698.60
3190340.0	22.10	699.90
3190342.0	22.10	699.60
3190344.0	23.20	699.60
3190346.0	24.30	701.90
3190348.0	24.30	703.90
3190350.0	22.90	703.80
3190352.0	20.40	703.20
3190354.0	19.50	702.70
3190356.0	18.80	702.00
3190358.0	18.80	702.00
3190360.0	17.10	701.90
3190362.0	15.20	694.30
3190364.0	15.20	694.30
3190366.0	21.90	703.30
3190368.0	21.90	703.70
3190370.0	22.50	702.10
3190372.0	23.10	700.50
3190374.0	22.90	697.20
3190376.0	20.20	697.10
3190378.0	17.50	696.70
3190380.0	17.50	696.40
3190382.0	19.80	696.50
3190384.0	20.00	697.20
3190386.0	20.40	697.90
3190388.0	20.40	697.80
3190390.0	17.40	697.60
3190392.0	17.40	697.20
3190394.0	19.10	697.30
3190396.0	19.20	701.90
3190398.0	16.90	701.70
3190400.0	16.80	701.70
3190402.0	16.80	701.70
3190404.0	18.00	696.30
3190406.0	18.00	696.10
3190408.0	19.30	696.20
3190410.0	19.30	695.50
3190412.0	19.20	695.50
3190414.0	18.00	704.90
3190416.0	17.70	704.80
3190418.0	17.30	702.50
3190420.0	17.20	701.50
3190422.0	17.20	701.50
3190424.0	24.50	701.00
3190426.0	24.50	700.30
3190428.0	21.90	700.20
3190430.0	18.90	697.50
3190432.0	18.80	697.50
3190434.0	18.90	704.70
3190436.0	18.90	704.70
3190438.0	20.30	704.70
3190440.0	20.30	704.70
3190442.0	22.10	706.20
3190444.0	22.20	710.10
3190446.0	14.40	709.80
3190448.0	14.20	702.10
3190450.0	18.50	702.30
3190452.0	22.30	706.50
3190454.0	24.10	706.60
3190456.0	24.00	704.00
3190458.0	23.70	703.90
3190460.0	23.40	702.60
3190462.0	23.80	701.40
3190464.0	23.80	701.40
3190466.0	23.90	709.10
3190468.0	23.90	709.10
3190470.0	24.20	698.70
3190472.0	23.60	698.70
3190474.0	23.90	702.80
3190476.0	24.10	702.80
3190478.0	24.90	702.90
3190480.0	23.50	703.00
3190482.0	23.50	704.80
3190484.0	23.20	704.80
3190486.0	23.00	696.50
3190488.0	23.00	696.50
3190490.0	23.10	702.00
3190492.0	22.60	702.00
3190494.0	22.70	704.20
3190496.0	23.10	704.20
3190498.0	22.90	702.00
3190500.0	22.90	702.00
3190502.0	29.30	703.00
3190504.0	29.30	703.70
3190506.0	28.10	703.60
3190508.0	25.30	706.90
3190510.0	25.30	707.00
3190512.0	25.30	707.00
3190514.0	27.20	707.50
3190516.0	27.20	707.40
3190518.0	26.30	702.60
3190520.0	25.40	702.60
3190522.0	26.40	702.60
3190524.0	27.40	702.60
3190526.0	27.50	711.00
3190528.0	28.10	711.00
3190530.0	27.90	702.70
3190532.0	29.60	702.80
3190534.0	30.60	702.80
3190536.0	30.50	700.60
3190538.0	31.30	701.00
3190540.0	31.30	701.40
3190542.0	29.00	702.90
3190544.0	29.30	702.90
3190546.0	29.30	702.90
3190548.0	26.60	702.00
3190550.0	26.50	702.00
3190552.0	25.50	708.00
3190554.0	25.80	708.00
3190556.0	26.20	707.90
3190558.0	25.90	707.80
3190560.0	25.90	707.60
3190562.0	28.40	703.60
3190564.0	28.40	703.60
3190566.0	35.60	715.00
3190568.0	35.60	715.00
3190570.0	32.90	714.10
3190572.0	32.30	708.20
3190574.0	31.70	708.10
3190576.0	28.70	707.70
3190578.0	28.60	707.50
3190580.0	27.90	707.30
3190582.0	27.80	707.30
3190584.0	26.60	706.90
3190586.0	26.60	706.50
3190588.0	29.20	705.20
3190590.0	29.20	705.10
3190592.0	31.90	705.20
3190594.0	31.80	704.10
3190596.0	29.40	704.00
3190598.0	29.30	703.00
3190600.0	29.90	703.00
3190602.0	32.50	705.60
3190604.0	32.50	705.80
3190606.0	29.80	705.60
3190608.0	30.40	705.60
3190610.0	30.30	705.60
3190612.0	23.50	706.70
3190614.0	23.40	706.70
3190616.0	23.00	706.60
3190618.0	23.10	712.70
3190620.0	24.70	712.00
3190622.0	24.70	711.20
3190624.0	25.90	702.30
3190626.0	27.00	702.30
3190628.0	27.00	703.10
3190630.0	27.10	703.80
3190632.0	26.20	703.50
3190634.0	25.30	703.40
3190636.0	25.20	703.90
3190638.0	26.40	705.60
3190640.0	25.90	708.30
3190642.0	25.40	708.20
3190644.0	25.30	700.40
3190646.0	25.30	700.90
3190648.0	25.30	700.80
3190650.0	25.80	700.80
3190652.0	26.20	700.80
3190654.0	26.20	701.70
3190656.0	26.20	702.50
3190658.0	26.10	700.40
3190660.0	26.70	700.40
3190662.0	27.30	700.80
3190664.0	27.40	701.10
3190666.0	28.30	705.70
3190668.0	28.30	705.70
3190670.0	28.20	701.00
3190672.0	28.50	701.00
3190674.0	28.90	701.60
3190676.0	30.20	702.30
3190678.0	29.30	702.20
3190680.0	29.20	701.50
3190682.0	29.10	700.80
3190684.0	27.80	700.70
3190686.0	30.20	700.90
3190688.0	30.20	698.50
3190690.0	29.10	699.80
3190692.0	29.70	701.10
3190694.0	29.70	701.10
3190696.0	29.70	701.10
3190698.0	29.80	705.20
3190700.0	27.40	705.10
3190702.0	27.40	703.40
3190704.0	33.30	701.90
3190706.0	33.20	699.30
3190708.0	27.30	696.40
3190710.0	27.30	695.40
3190712.0	27.30	694.50
3190714.0	27.70	694.10
3190716.0	28.10	690.20
3190718.0	27.90	677.20
3190720.0	27.80	661.60
3190722.0	27.60	641.30
3190724.0	33.70	608.20
3190726.0	45.80	587.30
3190728.0	52.30	549.50
3190730.0	79.70	530.50
3190732.0	88.50	512.00
3190734.0	105.00	491.40
3190736.0	110.70	470.10
3190738.0	123.80	462.40
3190740.0	123.90	445.20
3190742.0	160.80	438.20
3190744.0	165.50	429.20
3190746.0	172.90	406.50
3190748.0	184.60	397.00
3190750.0	205.90	389.60
3190752.0	206.10	377.10
3190754.0	217.60	368.80
3190756.0	217.80	366.20
3190758.0	217.90	363.30
3190760.0	211.10	362.90
3190762.0	211.90	365.20
3190764.0	212.80	365.20
3190766.0	215.60	366.10
3190768.0	215.90	366.10
3190770.0	223.40	366.80
3190772.0	222.70	367.00
3190774.0	223.00	367.00
3190776.0	223.00	367.00
3190778.0	218.90	369.00
3190780.0	218.90	369.00
3190782.0	224.20	368.50
3190784.0	224.20	367.70
3190786.0	218.70	363.20
3190788.0	218.70	362.40
3190790.0	218.80	362.40
3190792.0	218.70	366.00
3190794.0	218.40	368.10
3190796.0	218.50	367.40
3190798.0	221.70	366.90
3190800.0	221.70	366.80
3190802.0	221.70	366.80
3190804.0	223.50	364.80
3190806.0	223.50	364.60
3190808.0	224.20	364.50
3190810.0	224.90	364.70
3190812.0	223.20	364.70
3190814.0	223.10	367.10
3190816.0	225.20	367.20
3190818.0	225.20	365.80
3190820.0	226.30	364.40
3190822.0	226.40	361.40
3190824.0	226.50	361.40
3190826.0	226.60	359.60
3190828.0	226.60	360.80
3190830.0	226.30	361.80
3190832.0	226.10	362.10
3190834.0	225.60	362.00
3190836.0	226.90	358.90
3190838.0	228.10	359.90
3190840.0	228.10	359.90
3190842.0	228.40	356.80
3190844.0	228.40	356.80
3190846.0	225.10	356.90
3190848.0	225.10	357.20
3190850.0	224.30	360.40
3190852.0	223.60	359.60
3190854.0	223.60	358.90
3190856.0	224.30	357.80
3190858.0	224.30	357.80
3190860.0	222.70	357.60
3190862.0	222.70	354.00
3190864.0	220.80	353.80
3190866.0	220.70	362.20
3190868.0	225.30	362.40
3190870.0	225.30	361.30
3190872.0	225.30	360.30
3190874.0	223.90	355.00
3190876.0	223.00	350.60
3190878.0	222.30	349.80
3190880.0	219.90	347.50
3190882.0	219.70	347.20
3190884.0	219.80	350.70
3190886.0	217.90	350.70
3190888.0	217.80	352.90
3190890.0	223.30	353.50
3190892.0	222.40	353.20
3190894.0	221.70	353.30
3190896.0	221.80	353.60
3190898.0	221.90	352.60
3190900.0	222.10	352.70
3190902.0	221.50	352.80
3190904.0	221.70	352.90
3190906.0	225.20	355.00
3190908.0	225.20	356.30
3190910.0	227.40	356.50
3190912.0	231.30	356.00
3190914.0	231.40	356.10
3190916.0	231.50	355.40
3190918.0	228.50	353.00
3190920.0	225.70	352.20
3190922.0	225.70	353.80
3190924.0	227.60	355.50
3190926.0	227.40	356.40
3190928.0	227.20	356.50
3190930.0	228.00	356.60
3190932.0	228.90	357.60
3190934.0	229.80	358.60
3190936.0	230.50	360.20
3190938.0	230.60	361.00
3190940.0	232.90	361.60
3190942.0	232.90	364.50
3190944.0	232.90	364.50
3190946.0	233.20	354.40
3190948.0	233.90	354.50
3190950.0	233.90	353.50
3190952.0	228.80	352.20
3190954.0	228.80	352.30
3190956.0	230.70	360.40
3190958.0	230.70	360.50
3190960.0	231.00	353.90
3190962.0	231.20	353.90
3190964.0	229.20	356.10
3190966.0	229.20	357.90
3190968.0	227.30	359.30
3190970.0	227.30	360.90
3190972.0	227.20	360.90
3190974.0	227.30	358.80
3190976.0	232.30	357.00
3190978.0	229.60	356.50
3190980.0	230.70	355.70
3190982.0	230.70	355.10
3190984.0	232.90	355.70
3190986.0	233.40	355.70
3190988.0	233.80	354.30
3190990.0	234.10	354.10
3190992.0	237.20	355.70
3190994.0	236.90	355.50
3190996.0	230.40	354.00
3190998.0	230.40	353.90
3191000.0	230.90	352.70
3191002.0	231.40	352.80
3191004.0	231.00	356.20
3191006.0	231.10	356.20
3191008.0	231.10	356.30
3191010.0	231.00	356.40
3191012.0	231.10	355.50
3191014.0	231.20	355.60
3191016.0	231.30	354.60
3191018.0	231.10	354.60
3191020.0	231.10	355.70
3191022.0	227.80	355.80
3191024.0	228.00	358.60
3191026.0	228.20	358.60
3191028.0	236.00	358.10
3191030.0	235.50	357.00
3191032.0	234.90	357.20
3191034.0	236.20	357.30
3191036.0	235.70	355.40
3191038.0	235.10	355.40
3191040.0	233.40	354.80
3191042.0	233.50	353.60
3191044.0	236.90	353.80
3191046.0	236.90	353.80
3191048.0	235.80	353.80
3191050.0	235.60	354.30
3191052.0	235.20	354.80
3191054.0	234.90	354.70
3191056.0	234.90	354.60
3191058.0	234.90	352.90
3191060.0	232.80	352.80
3191062.0	233.00	355.20
3191064.0	233.10	359.20
3191066.0	233.10	359.10
3191068.0	233.50	358.60
3191070.0	233.50	358.00
3191072.0	233.40	353.70
3191074.0	233.20	353.60
3191076.0	233.10	356.20
3191078.0	233.10	356.90
3191080.0	234.40	357.00
3191082.0	234.40	357.00
3191084.0	235.10	353.30
3191086.0	235.70	353.30
3191088.0	235.70	351.10
3191090.0	232.40	350.90
3191092.0	232.40	351.90
3191094.0	231.80	352.80
3191096.0	231.80	354.70
3191098.0	232.60	355.90
3191100.0	233.60	356.00
3191102.0	235.00	356.10
3191104.0	243.30	358.60
3191106.0	243.30	358.60
3191108.0	234.70	354.70
3191110.0	233.10	353.90
3191112.0	233.10	353.40
3191114.0	231.40	352.90
3191116.0	231.40	350.60
3191118.0	235.70	350.90
3191120.0	235.80	348.50
3191122.0	232.70	349.00
3191124.0	232.70	349.80
3191126.0	237.80	354.90
3191128.0	237.80	354.90
3191130.0	237.90	353.70
3191132.0	237.20	353.70
3191134.0	236.60	352.40
3191136.0	236.90	352.40
3191138.0	237.10	356.50
3191140.0	237.20	355.70
3191142.0	237.20	355.60
3191144.0	236.10	355.50
3191146.0	236.10	355.50
3191148.0	236.10	354.20
3191150.0	236.50	353.10
3191152.0	236.90	353.10
3191154.0	236.90	353.00
3191156.0	236.80	353.00
3191158.0	235.70	353.90
3191160.0	234.70	353.90
3191162.0	232.50	354.90
3191164.0	232.50	354.90
3191166.0	239.10	353.80
3191168.0	239.10	353.80
3191170.0	234.70	353.40
3191172.0	234.70	353.30
3191174.0	235.80	353.00
3191176.0	235.80	352.70
3191178.0	235.60	351.30
3191180.0	235.30	351.30
3191182.0	234.00	348.50
3191184.0	234.00	349.50
3191186.0	234.00	350.50
3191188.0	235.00	352.60
3191190.0	236.00	352.50
3191192.0	234.30	352.30
3191194.0	234.30	348.50
3191196.0	233.20	348.50
3191198.0	233.20	349.20
3191200.0	237.40	350.10
3191202.0	237.40	348.90
3191204.0	227.90	348.60
3191206.0	227.90	348.60
3191208.0	234.00	349.00
3191210.0	234.00	347.70
3191212.0	230.60	347.50
3191214.0	230.50	352.30
3191216.0	232.00	352.40
3191218.0	233.20	349.50
3191220.0	233.30	346.50
3191222.0	236.30	346.70
3191224.0	239.30	350.40
3191226.0	239.30	350.40
3191228.0	234.10	350.60
3191230.0	231.00	351.00
3191232.0	231.00	350.60
3191234.0	232.00	350.60
3191236.0	233.00	350.70
3191238.0	233.50	349.20
3191240.0	242.20	349.80
3191242.0	242.20	349.60
3191244.0	241.40	349.60
3191246.0	241.40	352.20
3191248.0	239.30	352.00
3191250.0	237.30	346.70
3191252.0	234.00	346.50
3191254.0	234.00	346.90
3191256.0	238.40	347.70
3191258.0	238.30	349.80
3191260.0	232.70	351.60
3191262.0	232.70	350.30
3191264.0	232.70	350.20
3191266.0	236.90	356.60
3191268.0	239.90	356.80
3191270.0	240.00	349.70
3191272.0	240.00	349.60
3191274.0	240.90	351.80
3191276.0	240.80	353.80
3191278.0	240.80	353.40
3191280.0	240.80	353.10
3191282.0	235.00	352.00
3191284.0	235.10	348.70
3191286.0	235.40	348.70
3191288.0	235.30	349.70
3191290.0	236.50	349.90
3191292.0	237.80	350.20
3191294.0	240.90	350.40
3191296.0	240.90	350.40
3191298.0	240.60	351.10
3191300.0	240.60	351.80
3191302.0	240.60	353.20
3191304.0	239.50	353.20
3191306.0	239.50	353.40
3191308.0	239.50	353.70
3191310.0	234.90	353.30
3191312.0	234.90	353.30
3191314.0	240.80	354.90
3191316.0	241.20	356.10
3191318.0	241.20	356.10
3191320.0	242.00	353.30
3191322.0	241.90	353.20
3191324.0	241.70	353.10
3191326.0	241.60	350.80
3191328.0	241.60	350.80
3191330.0	241.90	348.40
3191332.0	241.90	348.50
3191334.0	241.20	348.40
3191336.0	241.20	348.40
3191338.0	241.10	348.40
3191340.0	239.90	349.30
3191342.0	239.00	350.30
3191344.0	239.00	349.40
3191346.0	246.60	349.70
3191348.0	246.60	349.80
3191350.0	246.80	352.40
3191352.0	246.80	352.20
3191354.0	245.10	351.80
3191356.0	244.50	351.10
3191358.0	243.80	350.20
3191360.0	240.60	348.10
3191362.0	240.60	348.10
3191364.0	241.80	348.20
3191366.0	243.00	354.00
3191368.0	241.10	353.50
3191370.0	241.10	353.00
3191372.0	240.60	353.00
3191374.0	240.70	353.10
3191376.0	243.00	353.20
3191378.0	243.10	352.70
3191380.0	244.00	352.20
3191382.0	245.00	352.30
3191384.0	245.00	352.20
3191386.0	240.90	352.00
3191388.0	239.10	352.50
3191390.0	239.10	352.60
3191392.0	242.60	352.00
3191394.0	245.50	352.20
3191396.0	253.40	353.30
3191398.0	253.40	354.00
3191400.0	245.30	354.30
3191402.0	245.80	355.20
3191404.0	246.20	360.20
3191406.0	250.70	360.50
3191408.0	250.80	354.30
3191410.0	245.90	351.90
3191412.0	245.90	351.90
3191414.0	250.50	354.70
3191416.0	250.50	352.80
3191418.0	250.90	350.80
3191420.0	251.00	350.90
3191422.0	250.90	353.30
3191424.0	250.90	353.30
3191426.0	240.00	354.50
3191428.0	239.90	356.10
3191430.0	247.90	356.90
3191432.0	247.40	356.90
3191434.0	246.90	353.40
3191436.0	246.90	353.40
3191438.0	246.40	354.60
3191440.0	246.40	354.40
3191442.0	254.20	354.90
3191444.0	254.30	351.00
3191446.0	254.30	348.70
3191448.0	254.40	348.70
3191450.0	254.30	353.50
3191452.0	254.70	353.70
3191454.0	254.70	353.70
3191456.0	254.80	354.80
3191458.0	254.90	354.70
3191460.0	255.10	354.70
3191462.0	255.10	354.70
3191464.0	251.50	353.50
3191466.0	247.20	352.20
3191468.0	247.20	353.40
3191470.0	247.20	353.30
3191472.0	247.30	353.30
3191474.0	249.30	353.50
3191476.0	249.30	354.30
3191478.0	249.80	355.10
3191480.0	249.70	355.10
3191482.0	248.10	351.40
3191484.0	248.10	351.40
3191486.0	247.70	351.30
3191488.0	247.70	351.30
3191490.0	247.80	348.70
3191492.0	247.80	348.70
3191494.0	250.00	353.10
3191496.0	250.00	353.10
3191498.0	251.30	353.80
3191500.0	251.20	354.40
3191502.0	247.50	354.10
3191504.0	247.50	355.50
3191506.0	247.40	356.30
3191508.0	247.40	356.30
3191510.0	253.60	356.70
3191512.0	253.60	357.30
3191514.0	247.70	357.00
3191516.0	248.10	349.20
3191518.0	248.30	349.90
3191520.0	253.70	350.00
3191522.0	253.70	349.80
3191524.0	252.40	349.20
3191526.0	251.10	349.10
3191528.0	247.60	352.60
3191530.0	242.50	352.30
3191532.0	242.50	351.10
3191534.0	247.40	351.20
3191536.0	247.40	351.20
3191538.0	247.40	353.80
3191540.0	246.30	353.70
3191542.0	246.30	353.80
3191544.0	244.70	353.70
3191546.0	244.70	353.70
3191548.0	247.10	349.50
3191550.0	247.20	350.00
3191552.0	247.30	350.50
3191554.0	246.50	350.40
3191556.0	246.50	349.30
3191558.0	250.60	348.50
3191560.0	250.60	348.90
3191562.0	245.90	348.60
3191564.0	246.00	348.70
3191566.0	245.80	357.50
3191568.0	245.00	357.50
3191570.0	244.40	348.60
3191572.0	244.70	348.60
3191574.0	244.70	348.50
3191576.0	244.70	348.50
3191578.0	251.60	354.00
3191580.0	251.60	353.90
3191582.0	250.20	353.70
3191584.0	249.70	353.50
3191586.0	249.70	353.60
3191588.0	249.80	353.70
3191590.0	249.80	354.10
3191592.0	248.80	355.80
3191594.0	247.90	355.70
3191596.0	249.30	348.50
3191598.0	249.20	348.50
3191600.0	247.40	347.20
3191602.0	247.40	347.20
3191604.0	247.30	352.40
3191606.0	251.30	353.50
3191608.0	251.50	354.40
3191610.0	251.50	354.40
3191612.0	252.70	347.60
3191614.0	252.70	347.60
3191616.0	251.30	351.70
3191618.0	243.20	351.20
3191620.0	243.20	351.20
3191622.0	244.90	349.60
3191624.0	251.70	348.40
3191626.0	251.60	348.50
3191628.0	252.10	348.70
3191630.0	251.80	348.70
3191632.0	251.80	348.70
3191634.0	251.80	349.30
3191636.0	252.10	349.90
3191638.0	252.10	353.60
3191640.0	251.10	353.50
3191642.0	248.50	353.20
3191644.0	248.50	353.20
3191646.0	249.50	357.10
3191648.0	250.60	355.90
3191650.0	251.20	355.90
3191652.0	251.20	353.50
3191654.0	252.80	354.40
3191656.0	254.40	354.50
3191658.0	254.40	354.50
3191660.0	248.90	354.20
3191662.0	248.60	354.20
3191664.0	248.60	353.70
3191666.0	254.50	353.60
3191668.0	254.70	353.60
3191670.0	254.70	357.20
3191672.0	253.60	356.80
3191674.0	253.60	356.90
3191676.0	251.40	356.70
3191678.0	249.30	355.60
3191680.0	248.90	355.50
3191682.0	248.90	355.40
3191684.0	251.90	353.50
3191686.0	250.70	353.30
3191688.0	249.50	353.20
3191690.0	249.40	354.50
3191692.0	248.60	355.50
3191694.0	248.60	355.00
3191696.0	250.40	354.70
3191698.0	250.30	354.70
3191700.0	250.90	356.20
3191702.0	251.60	356.30
3191704.0	257.00	356.20
3191706.0	257.00	355.80
3191708.0	252.70	352.10
3191710.0	252.70	352.10
3191712.0	252.70	352.80
3191714.0	252.00	352.80
3191716.0	252.00	351.00
3191718.0	252.00	352.60
3191720.0	252.30	352.10
3191722.0	252.30	351.60
3191724.0	246.30	351.30
3191726.0	246.20	356.00
3191728.0	246.10	356.00
3191730.0	246.00	358.30
3191732.0	248.00	363.30
3191734.0	249.90	363.50
3191736.0	249.90	363.70
3191738.0	250.60	363.70
3191740.0	251.30	361.50
3191742.0	256.60	359.10
3191744.0	256.60	359.60
3191746.0	252.70	359.40
3191748.0	249.20	352.00
3191750.0	250.10	352.00
3191752.0	250.90	356.30
3191754.0	252.80	358.30
3191756.0	250.50	358.20
3191758.0	250.50	357.80
3191760.0	251.80	357.50
3191762.0	253.10	354.40
3191764.0	253.20	351.70
3191766.0	250.70	351.60
3191768.0	250.70	350.40
3191770.0	253.40	350.50
3191772.0	252.90	354.50
3191774.0	252.50	354.40
3191776.0	251.70	354.50
3191778.0	246.20	354.10
3191780.0	246.30	349.60
3191782.0	249.00	349.80
3191784.0	252.80	354.20
3191786.0	252.80	355.10
3191788.0	253.10	354.10
3191790.0	253.10	354.00
3191792.0	250.70	353.90
3191794.0	247.20	350.40
3191796.0	247.20	349.70
3191798.0	248.90	349.80
3191800.0	249.10	349.80
3191802.0	249.20	349.80
3191804.0	253.00	357.70
3191806.0	252.50	357.60
3191808.0	252.00	357.60
3191810.0	253.10	357.60
3191812.0	253.10	355.90
3191814.0	255.10	356.00
3191816.0	255.00	355.90
3191818.0	249.80	355.50
3191820.0	249.70	355.70
3191822.0	250.60	357.80
3191824.0	251.50	357.80
3191826.0	253.00	358.70
3191828.0	253.00	359.10
3191830.0	253.20	359.40
3191832.0	253.10	359.30
3191834.0	250.40	353.60
3191836.0	250.40	353.60
3191838.0	251.50	354.40
3191840.0	252.70	355.00
3191842.0	253.90	355.00
3191844.0	255.80	356.60
3191846.0	255.70	359.90
3191848.0	255.90	359.90
3191850.0	255.90	359.80
3191852.0	256.70	359.80
3191854.0	257.60	359.20
3191856.0	257.60	358.50
3191858.0	250.40	356.40
3191860.0	250.20	357.10
3191862.0	250.10	357.70
3191864.0	255.20	361.00
3191866.0	253.00	360.90
3191868.0	253.10	355.10
3191870.0	252.50	355.00
3191872.0	251.80	357.50
3191874.0	251.70	357.90
3191876.0	255.70	358.10
3191878.0	257.30	361.50
3191880.0	257.30	361.40
3191882.0	257.40	360.60
3191884.0	257.40	359.90
3191886.0	247.40	359.20
3191888.0	247.30	359.20
3191890.0	247.30	360.80
3191892.0	255.30	361.30
3191894.0	256.20	357.40
3191896.0	255.70	357.30
3191898.0	255.20	356.10
3191900.0	246.00	355.50
3191902.0	246.00	359.80
3191904.0	254.00	360.30
3191906.0	254.00	360.30
3191908.0	254.60	356.60
3191910.0	255.30	357.30
3191912.0	255.20	357.90
3191914.0	255.10	357.50
3191916.0	254.80	357.50
3191918.0	254.50	357.00
3191920.0	253.40	356.90
3191922.0	253.40	357.00
3191924.0	259.50	357.50
3191926.0	259.50	358.10
3191928.0	261.40	358.30
3191930.0	263.20	358.40
3191932.0	263.20	360.00
3191934.0	260.60	359.80
3191936.0	259.00	358.30
3191938.0	259.10	358.30
3191940.0	259.20	351.80
3191942.0	255.60	353.10
3191944.0	254.40	353.20
3191946.0	254.40	353.50
3191948.0	258.00	355.80
3191950.0	258.00	355.80
3191952.0	259.30	358.90
3191954.0	259.30	358.30
3191956.0	258.40	357.80
3191958.0	258.50	359.10
3191960.0	258.60	359.10
3191962.0	257.10	356.60
3191964.0	256.90	356.60
3191966.0	257.00	356.60
3191968.0	258.70	355.30
3191970.0	258.80	353.90
3191972.0	255.30	353.70
3191974.0	255.30	353.80
3191976.0	255.40	350.90
3191978.0	255.50	351.00
3191980.0	263.90	351.40
3191982.0	263.90	351.40
3191984.0	263.70	355.80
3191986.0	263.60	355.80
3191988.0	262.90	353.20
3191990.0	262.90	353.20
3191992.0	264.50	355.60
3191994.0	265.20	355.70
3191996.0	265.10	356.10
3191998.0	263.80	356.00
3192000.0	264.00	357.00
3192002.0	264.00	358.10
3192004.0	264.30	359.00
3192006.0	264.30	359.00
3192008.0	264.80	358.30
3192010.0	264.90	357.50
3192012.0	265.90	352.60
3192014.0	266.70	352.70
3192016.0	266.70	353.70
3192018.0	266.50	354.80
3192020.0	266.30	354.80
3192022.0	264.70	357.00
3192024.0	260.20	356.70
3192026.0	255.20	352.90
3192028.0	255.20	354.70
3192030.0	269.40	356.70
3192032.0	269.40	356.70
3192034.0	269.00	356.60
3192036.0	268.50	360.10
3192038.0	267.30	360.10
3192040.0	267.40	357.50
3192042.0	267.80	357.30
3192044.0	267.80	357.30
3192046.0	266.80	357.20
3192048.0	266.00	352.80
3192050.0	266.20	352.80
3192052.0	266.30	353.50
3192054.0	266.30	354.10
3192056.0	266.30	353.60
3192058.0	269.70	353.80
3192060.0	270.30	354.70
3192062.0	270.20	361.40
3192064.0	267.80	361.30
3192066.0	267.90	361.30
3192068.0	267.90	359.60
3192070.0	266.20	358.20
3192072.0	266.20	358.10
3192074.0	264.60	358.00
3192076.0	264.60	356.70
3192078.0	265.40	356.90
3192080.0	265.40	356.90
3192082.0	265.40	357.50
3192084.0	263.20	357.40
3192086.0	263.20	356.00
3192088.0	263.30	353.70
3192090.0	263.70	349.40
3192092.0	263.90	349.40
3192094.0	264.00	348.00
3192096.0	259.80	347.70
3192098.0	259.10	354.80
3192100.0	259.10	354.80
3192102.0	260.50	354.80
3192104.0	262.00	354.30
3192106.0	261.30	353.60
3192108.0	261.30	353.50
3192110.0	262.00	354.30
3192112.0	262.20	354.40
3192114.0	262.20	354.40
3192116.0	262.20	353.40
3192118.0	265.70	352.70
3192120.0	265.70	353.10
3192122.0	268.20	353.70
3192124.0	270.80	353.80
3192126.0	270.90	347.00
3192128.0	267.30	346.80
3192130.0	263.60	356.30
3192132.0	263.60	356.80
3192134.0	263.60	356.80
3192136.0	264.30	351.40
3192138.0	264.80	351.50
3192140.0	264.80	351.50
3192142.0	264.80	350.80
3192144.0	264.50	350.20
3192146.0	264.00	348.60
3192148.0	262.70	348.50
3192150.0	258.70	348.20
3192152.0	258.60	350.00
3192154.0	259.90	349.00
3192156.0	261.20	348.10
3192158.0	260.70	348.00
3192160.0	260.70	346.40
3192162.0	263.80	346.70
3192164.0	264.40	346.80
3192166.0	265.40	347.00
3192168.0	265.30	349.20
3192170.0	265.30	349.00
3192172.0	261.50	348.50
3192174.0	261.40	348.50
3192176.0	261.40	348.70
3192178.0	262.90	347.80
3192180.0	266.70	348.00
3192182.0	266.70	349.10
3192184.0	267.10	346.50
3192186.0	267.10	346.50
3192188.0	266.90	346.50
3192190.0	266.70	347.90
3192192.0	269.40	348.00
3192194.0	269.30	350.30
3192196.0	266.60	349.10
3192198.0	267.80	349.10
3192200.0	267.80	350.00
3192202.0	264.20	349.50
3192204.0	263.20	349.20
3192206.0	262.00	347.90
3192208.0	261.80	347.80
3192210.0	261.60	348.40
3192212.0	263.80	349.20
3192214.0	266.00	349.30
3192216.0	266.90	345.70
3192218.0	266.90	345.70
3192220.0	260.10	349.40
3192222.0	260.10	349.30
3192224.0	260.60	348.80
3192226.0	261.20	348.80
3192228.0	266.70	359.20
3192230.0	286.50	371.90
3192232.0	305.90	389.50
3192234.0	320.80	407.40
3192236.0	359.40	434.90
3192238.0	402.50	452.20
3192240.0	450.30	468.70
3192242.0	488.90	505.10
3192244.0	519.40	517.10
3192246.0	561.00	537.60
3192248.0	589.80	553.70
3192250.0	631.90	566.50
3192252.0	663.60	593.20
3192254.0	694.80	626.50
3192256.0	732.20	640.10
3192258.0	770.10	667.40
3192260.0	799.80	672.00
3192262.0	821.90	671.30
3192264.0	841.80	681.20
3192266.0	867.20	698.80
3192268.0	900.20	722.80
3192270.0	927.10	721.60
3192272.0	944.90	751.10
3192274.0	969.90	757.00
3192276.0	981.10	763.00
3192278.0	994.10	772.30
3192280.0	994.10	772.30
3192282.0	994.10	768.90
3192284.0	982.80	766.00
3192286.0	979.30	755.60
3192288.0	977.60	755.70
3192290.0	975.90	752.00
3192292.0	975.90	752.00
3192294.0	977.50	758.90
3192296.0	979.20	766.10
3192298.0	989.70	765.60
3192300.0	989.70	765.00
3192302.0	989.70	764.30
3192304.0	989.50	764.30
3192306.0	989.50	764.00
3192308.0	989.40	763.90
3192310.0	984.80	768.00
3192312.0	984.80	768.30
3192314.0	986.30	768.20
3192316.0	992.80	765.20
3192318.0	992.80	765.20
3192320.0	993.80	771.20
3192322.0	993.80	771.20
3192324.0	994.00	770.10
3192326.0	994.00	770.10
3192328.0	992.50	770.10
3192330.0	992.30	769.70
3192332.0	992.30	769.70
3192334.0	991.70	769.00
3192336.0	991.00	769.10
3192338.0	991.00	769.30
3192340.0	994.80	769.10
3192342.0	994.80	768.70
3192344.0	994.80	768.70
3192346.0	1002.00	772.50
3192348.0	1002.00	773.40
3192350.0	997.20	773.60
3192352.0	997.20	773.70
3192354.0	997.20	773.70
3192356.0	997.20	772.50
3192358.0	997.20	773.00
3192360.0	1001.90	773.20
3192362.0	1002.00	776.40
3192364.0	1001.40	776.40
3192366.0	1000.70	772.30
3192368.0	999.00	772.40
3192370.0	999.00	774.70
3192372.0	1000.20	775.00
3192374.0	1001.40	774.30
3192376.0	1002.10	773.60
3192378.0	1002.40	775.70
3192380.0	1002.10	775.80
3192382.0	1002.10	775.10
3192384.0	1002.60	774.30
3192386.0	1003.70	774.30
3192388.0	1003.60	770.60
3192390.0	1005.40	770.60
3192392.0	1004.70	775.60
3192394.0	1004.70	775.60
3192396.0	1005.30	775.60
3192398.0	1005.80	775.60
3192400.0	1007.80	775.50
3192402.0	1007.60	775.00
3192404.0	1007.40	774.40
3192406.0	1009.60	774.50
3192408.0	1009.60	774.50
3192410.0	1009.60	774.50
3192412.0	1008.00	771.00
3192414.0	1006.90	772.50
3192416.0	1006.90	771.80
3192418.0	1008.40	771.80
3192420.0	1009.00	772.20
3192422.0	1009.50	772.10
3192424.0	1009.50	770.60
3192426.0	1009.50	770.60
3192428.0	1011.10	770.80
3192430.0	1010.90	771.00
3192432.0	1010.80	771.00
3192434.0	1010.70	770.90
3192436.0	1010.70	773.20
3192438.0	1011.90	776.00
3192440.0	1011.80	776.00
3192442.0	1011.90	776.30
3192444.0	1011.90	776.20
3192446.0	1011.10	766.50
3192448.0	1011.10	766.30
3192450.0	1011.20	766.30
3192452.0	1011.40	770.70
3192454.0	1012.20	768.70
3192456.0	1012.40	768.60
3192458.0	1012.60	771.10
3192460.0	1012.00	771.10
3192462.0	1011.30	766.80
3192464.0	1011.30	766.80
3192466.0	1019.00	764.70
3192468.0	1019.00	765.10
3192470.0	1017.40	765.20
3192472.0	1015.80	766.10
3192474.0	1014.90	766.00
3192476.0	1015.30	766.00
3192478.0	1015.70	764.20
3192480.0	1015.70	762.40
3192482.0	1010.00	763.10
3192484.0	1010.10	763.50
3192486.0	1016.50	763.30
3192488.0	1017.50	763.20
3192490.0	1018.50	770.10
3192492.0	1018.50	770.10
3192494.0	1016.60	770.60
3192496.0	1015.40	770.70
3192498.0	1015.40	771.30
3192500.0	1015.40	771.30
3192502.0	1013.90	762.10
3192504.0	1012.00	757.60
3192506.0	1012.00	757.40
3192508.0	1012.40	757.40
3192510.0	1020.70	766.90
3192512.0	1020.80	767.00
3192514.0	1019.40	773.30
3192516.0	1019.40	773.30
3192518.0	1019.40	771.80
3192520.0	1018.60	774.10
3192522.0	1018.60	776.40
3192524.0	1017.10	774.50
3192526.0	1015.50	772.80
3192528.0	1015.50	772.80
3192530.0	1015.20	773.50
3192532.0	1015.20	774.20
3192534.0	1018.10	776.80
3192536.0	1017.10	776.80
3192538.0	1016.00	771.40
3192540.0	1016.00	771.40
3192542.0	1016.70	772.80
3192544.0	1017.50	773.00
3192546.0	1017.70	773.20
3192548.0	1019.00	772.70
3192550.0	1020.30	772.60
3192552.0	1021.60	772.90
3192554.0	1022.00	773.30
3192556.0	1022.00	773.30
3192558.0	1019.60	772.20
3192560.0	1017.20	772.30
3192562.0	1017.20	773.00
3192564.0	1023.80	773.30
3192566.0	1023.90	773.30
3192568.0	1023.90	769.50
3192570.0	1019.90	769.70
3192572.0	1019.90	772.90
3192574.0	1024.90	774.90
3192576.0	1024.90	775.30
3192578.0	1028.90	776.60
3192580.0	1028.90	776.60
3192582.0	1028.50	768.80
3192584.0	1028.10	769.30
3192586.0	1029.10	769.60
3192588.0	1029.20	771.20
3192590.0	1023.30	771.50
3192592.0	1023.30	769.80
3192594.0	1027.30	769.60
3192596.0	1027.30	773.90
3192598.0	1031.80	773.70
3192600.0	1031.20	774.70
3192602.0	1030.60	774.70
3192604.0	1029.20	770.10
3192606.0	1027.80	769.60
3192608.0	1027.80	769.60
3192610.0	1028.00	768.50
3192612.0	1028.00	768.50
3192614.0	1030.20	774.60
3192616.0	1030.20	774.60
3192618.0	1025.00	774.70
3192620.0	1025.00	774.60
3192622.0	1025.90	772.50
3192624.0	1030.40	772.30
3192626.0	1030.40	772.30
3192628.0	1029.00	774.10
3192630.0	1029.00	774.10
3192632.0	1030.20	775.30
3192634.0	1031.00	776.50
3192636.0	1027.60	776.70
3192638.0	1029.00	770.60
3192640.0	1029.80	770.50
3192642.0	1029.90	777.60
3192644.0	1031.60	777.50
3192646.0	1034.80	778.70
3192648.0	1034.30	778.70
3192650.0	1033.70	770.20
3192652.0	1032.30	771.00
3192654.0	1032.30	771.80
3192656.0	1035.80	771.60
3192658.0	1035.80	770.00
3192660.0	1035.60	770.10
3192662.0	1035.60	769.80
3192664.0	1035.60	769.80
3192666.0	1034.90	771.10
3192668.0	1034.20	771.10
3192670.0	1034.10	771.10
3192672.0	1029.80	767.70
3192674.0	1029.80	767.70
3192676.0	1036.60	767.40
3192678.0	1037.60	772.40
3192680.0	1038.60	775.70
3192682.0	1038.60	775.80
3192684.0	1037.40	775.00
3192686.0	1037.40	775.10
3192688.0	1037.20	780.10
3192690.0	1037.20	780.10
3192692.0	1038.50	781.30
3192694.0	1038.50	781.30
3192696.0	1036.30	778.60
3192698.0	1036.30	778.60
3192700.0	1036.00	785.10
3192702.0	1036.00	785.10
3192704.0	1036.00	782.20
3192706.0	1035.90	773.80
3192708.0	1035.90	775.70
3192710.0	1038.30	777.50
3192712.0	1038.30	777.50
