3177808.0	1292.90	739.20
3177810.0	1292.40	740.50
3177812.0	1292.50	741.70
3177814.0	1296.90	741.50
3177816.0	1301.20	741.30
3177818.0	1304.30	751.40
3177820.0	1307.80	750.90
3177822.0	1307.80	750.50
3177824.0	1307.80	750.50
3177826.0	1305.30	750.50
3177828.0	1301.70	747.30
3177830.0	1300.90	747.40
3177832.0	1300.60	749.00
3177834.0	1300.60	749.10
3177836.0	1297.60	748.40
3177838.0	1294.90	747.70
3177840.0	1294.80	738.60
3177842.0	1298.10	738.50
3177844.0	1298.00	741.50
3177846.0	1297.90	743.30
3177848.0	1293.50	743.40
3177850.0	1293.50	743.50
3177852.0	1292.00	743.60
3177854.0	1291.70	714.10
3177856.0	1293.80	714.00
3177858.0	1297.80	732.70
3177860.0	1297.20	732.60
3177862.0	1297.30	738.40
3177864.0	1303.10	754.90
3177866.0	1303.30	754.80
3177868.0	1303.10	730.50
3177870.0	1304.00	720.20
3177872.0	1306.00	720.10
3177874.0	1304.10	728.30
3177876.0	1302.40	748.10
3177878.0	1297.60	748.20
3177880.0	1297.50	748.20
3177882.0	1300.80	751.50
3177884.0	1300.50	751.50
3177886.0	1300.40	745.40
3177888.0	1299.10	745.50
3177890.0	1297.80	745.60
3177892.0	1297.40	749.10
3177894.0	1297.40	749.10
3177896.0	1295.00	743.30
3177898.0	1295.00	742.60
3177900.0	1301.00	741.60
3177902.0	1301.00	742.10
3177904.0	1294.60	742.40
3177906.0	1294.60	742.40
3177908.0	1311.70	740.90
3177910.0	1311.70	740.20
3177912.0	1313.10	740.80
3177914.0	1312.50	741.50
3177916.0	1312.00	742.40
3177918.0	1311.70	743.30
3177920.0	1311.40	738.90
3177922.0	1312.10	738.80
3177924.0	1312.30	758.00
3177926.0	1312.20	758.00
3177928.0	1309.50	739.50
3177930.0	1306.50	739.70
3177932.0	1303.50	736.40
3177934.0	1299.20	736.60
3177936.0	1297.80	736.70
3177938.0	1297.70	735.00
3177940.0	1298.10	733.30
3177942.0	1298.00	728.40
3177944.0	1293.50	731.80
3177946.0	1293.50	731.80
3177948.0	1297.20	728.20
3177950.0	1296.50	726.00
3177952.0	1296.50	726.90
3177954.0	1299.30	726.70
3177956.0	1300.90	726.60
3177958.0	1301.30	729.20
3177960.0	1301.30	729.10
3177962.0	1301.50	727.60
3177964.0	1301.60	726.10
3177966.0	1302.80	725.90
3177968.0	1302.70	725.90
3177970.0	1302.70	726.10
3177972.0	1303.30	726.40
3177974.0	1304.00	733.30
3177976.0	1304.40	733.20
3177978.0	1304.40	733.50
3177980.0	1304.40	733.50
3177982.0	1307.20	733.40
3177984.0	1307.20	739.70
3177986.0	1305.30	742.00
3177988.0	1305.30	742.00
3177990.0	1313.90	740.00
3177992.0	1313.90	737.10
3177994.0	1311.50	742.50
3177996.0	1309.10	742.60
3177998.0	1298.00	735.30
3178000.0	1297.20	732.40
3178002.0	1296.50	731.80
3178004.0	1295.50	731.80
3178006.0	1295.40	731.80
3178008.0	1295.40	731.80
3178010.0	1296.40	735.20
3178012.0	1297.40	735.10
3178014.0	1297.40	736.00
3178016.0	1297.40	736.00
3178018.0	1296.40	733.60
3178020.0	1296.30	726.50
3178022.0	1292.70	725.80
3178024.0	1288.70	681.00
3178026.0	1277.70	664.20
3178028.0	1263.90	662.90
3178030.0	1241.70	620.70
3178032.0	1208.90	623.20
3178034.0	1178.50	625.70
3178036.0	1159.00	641.80
3178038.0	1132.50	700.00
3178040.0	1085.70	810.90
3178042.0	1035.00	947.60
3178044.0	1015.30	1030.90
3178046.0	1023.20	1254.70
3178048.0	955.40	1271.30
3178050.0	961.20	1390.00
3178052.0	776.60	1706.10
3178054.0	776.60	1706.10
3178056.0	-32768.00	-32768.00
3178058.0	-32768.00	-32768.00
3178060.0	-32768.00	-32768.00
3178062.0	-32768.00	-32768.00
3178064.0	-32768.00	-32768.00
3178066.0	-32768.00	-32768.00
3178068.0	-32768.00	-32768.00
3178070.0	-32768.00	-32768.00
3178072.0	-32768.00	-32768.00
3178074.0	-32768.00	-32768.00
3178076.0	-32768.00	-32768.00
3178078.0	-32768.00	-32768.00
3178080.0	-32768.00	-32768.00
3178082.0	-32768.00	-32768.00
3178084.0	-32768.00	-32768.00
3178086.0	-32768.00	-32768.00
3178088.0	-32768.00	-32768.00
3178090.0	-32768.00	-32768.00
3178092.0	-32768.00	-32768.00
3178094.0	-32768.00	-32768.00
3178096.0	-32768.00	-32768.00
3178098.0	-32768.00	-32768.00
3178100.0	-32768.00	-32768.00
3178102.0	-32768.00	-32768.00
3178104.0	-32768.00	-32768.00
3178106.0	-32768.00	-32768.00
3178108.0	-32768.00	-32768.00
3178110.0	-32768.00	-32768.00
3178112.0	-32768.00	-32768.00
3178114.0	-32768.00	-32768.00
3178116.0	-32768.00	-32768.00
3178118.0	-32768.00	-32768.00
3178120.0	-32768.00	-32768.00
3178122.0	-32768.00	-32768.00
3178124.0	-32768.00	-32768.00
3178126.0	-32768.00	-32768.00
3178128.0	-32768.00	-32768.00
3178130.0	-32768.00	-32768.00
3178132.0	-32768.00	-32768.00
3178134.0	-32768.00	-32768.00
3178136.0	962.50	1879.50
3178138.0	962.60	1879.50
3178140.0	944.20	1993.90
3178142.0	657.40	2067.40
3178144.0	593.70	2078.50
3178146.0	571.30	2026.70
3178148.0	973.10	1904.50
3178150.0	1149.20	1702.30
3178152.0	1353.00	1697.60
3178154.0	1350.80	1673.10
3178156.0	1377.10	1569.70
3178158.0	1377.00	1569.80
3178160.0	1137.50	1309.40
3178162.0	1135.10	1258.00
3178164.0	1136.60	1256.10
3178166.0	1133.20	1133.10
3178168.0	1151.30	1122.00
3178170.0	1152.60	1012.20
3178172.0	1153.10	1012.20
3178174.0	1150.30	865.90
3178176.0	1152.90	859.90
3178178.0	1155.30	835.90
3178180.0	1173.10	737.40
3178182.0	1187.30	736.70
3178184.0	1189.10	736.70
3178186.0	1193.80	699.40
3178188.0	1193.80	689.60
3178190.0	1194.80	649.00
3178192.0	1196.20	649.10
3178194.0	1197.60	649.10
3178196.0	1196.70	644.90
3178198.0	1196.70	640.70
3178200.0	1205.70	639.10
3178202.0	1210.30	634.30
3178204.0	1210.30	634.40
3178206.0	1210.40	635.30
3178208.0	1209.20	632.50
3178210.0	1209.20	632.50
3178212.0	1215.00	653.60
3178214.0	1215.00	653.70
3178216.0	1215.30	654.80
3178218.0	1216.40	655.90
3178220.0	1216.40	671.80
3178222.0	1213.20	671.00
3178224.0	1213.20	671.00
3178226.0	1213.30	680.90
3178228.0	1213.40	689.50
3178230.0	1213.50	689.50
3178232.0	1213.50	689.80
3178234.0	1213.50	690.10
3178236.0	1222.60	702.40
3178238.0	1222.70	702.50
3178240.0	1217.20	702.90
3178242.0	1217.30	704.30
3178244.0	1219.40	705.80
3178246.0	1219.50	712.20
3178248.0	1215.80	712.50
3178250.0	1216.00	725.60
3178252.0	1216.10	725.80
3178254.0	1215.80	724.20
3178256.0	1215.90	722.50
3178258.0	1216.80	722.70
3178260.0	1217.10	724.10
3178262.0	1217.20	725.40
3178264.0	1216.70	725.60
3178266.0	1216.60	726.50
3178268.0	1216.70	727.50
3178270.0	1215.50	727.80
3178272.0	1215.60	729.40
3178274.0	1215.00	731.10
3178276.0	1215.20	740.80
3178278.0	1216.10	740.80
3178280.0	1216.10	735.70
3178282.0	1216.40	734.20
3178284.0	1216.60	732.80
3178286.0	1217.00	732.30
3178288.0	1217.50	732.50
3178290.0	1220.00	732.50
3178292.0	1218.80	726.90
3178294.0	1218.90	727.10
3178296.0	1223.80	728.60
3178298.0	1223.80	730.40
3178300.0	1223.90	730.60
3178302.0	1221.80	717.80
3178304.0	1221.20	714.80
3178306.0	1222.10	714.90
3178308.0	1223.00	711.70
3178310.0	1223.00	709.30
3178312.0	1223.10	709.20
3178314.0	1224.10	709.10
3178316.0	1224.20	703.20
3178318.0	1224.20	690.50
3178320.0	1223.40	679.90
3178322.0	1223.50	683.30
3178324.0	1225.70	683.40
3178326.0	1230.40	670.00
3178328.0	1230.50	670.30
3178330.0	1231.80	662.10
3178332.0	1231.90	658.90
3178334.0	1230.60	655.70
3178336.0	1230.70	656.80
3178338.0	1230.80	657.10
3178340.0	1230.90	634.30
3178342.0	1230.50	634.60
3178344.0	1230.60	643.70
3178346.0	1241.40	644.30
3178348.0	1235.40	645.10
3178350.0	1236.60	642.40
3178352.0	1237.90	641.00
3178354.0	1238.30	641.30
3178356.0	1238.40	646.40
3178358.0	1242.30	652.00
3178360.0	1242.40	662.60
3178362.0	1243.80	662.80
3178364.0	1243.90	667.20
3178366.0	1241.90	666.00
3178368.0	1245.00	666.20
3178370.0	1244.10	665.70
3178372.0	1243.20	665.20
3178374.0	1243.30	663.40
3178376.0	1243.40	663.50
3178378.0	1245.30	665.20
3178380.0	1245.50	673.40
3178382.0	1245.60	671.50
3178384.0	1247.10	671.80
3178386.0	1247.20	674.90
3178388.0	1241.60	676.10
3178390.0	1240.80	677.10
3178392.0	1241.00	684.40
3178394.0	1239.00	684.80
3178396.0	1239.10	685.80
3178398.0	1239.70	686.10
3178400.0	1240.20	675.00
3178402.0	1239.90	668.50
3178404.0	1240.00	667.40
3178406.0	1244.30	652.90
3178408.0	1246.80	643.50
3178410.0	1246.50	625.40
3178412.0	1246.40	626.60
3178414.0	1246.50	626.90
3178416.0	1248.30	619.40
3178418.0	1250.10	620.10
3178420.0	1252.20	620.20
3178422.0	1260.70	605.50
3178424.0	1260.80	605.90
3178426.0	1249.50	614.00
3178428.0	1249.60	612.40
3178430.0	1256.10	610.90
3178432.0	1256.50	611.10
3178434.0	1256.60	615.10
3178436.0	1256.20	615.40
3178438.0	1255.90	621.70
3178440.0	1252.40	628.10
3178442.0	1253.10	634.80
3178444.0	1253.30	635.10
3178446.0	1253.10	635.40
3178448.0	1252.90	655.60
3178450.0	1248.20	657.00
3178452.0	1247.10	658.40
3178454.0	1247.30	659.60
3178456.0	1244.40	661.00
3178458.0	1241.60	678.60
3178460.0	1241.90	678.90
3178462.0	1242.20	679.20
3178464.0	1253.00	695.70
3178466.0	1253.30	698.70
3178468.0	1250.20	699.50
3178470.0	1251.30	700.00
3178472.0	1251.50	710.40
3178474.0	1243.40	713.40
3178476.0	1243.50	717.00
3178478.0	1243.60	716.90
3178480.0	1243.70	717.20
3178482.0	1243.80	724.20
3178484.0	1247.80	723.70
3178486.0	1248.30	723.50
3178488.0	1248.40	723.80
3178490.0	1248.50	726.00
3178492.0	1249.10	726.30
3178494.0	1249.70	726.70
3178496.0	1249.40	725.50
3178498.0	1249.20	726.70
3178500.0	1247.10	727.20
3178502.0	1248.40	727.50
3178504.0	1248.70	732.60
3178506.0	1249.00	733.60
3178508.0	1249.10	734.00
3178510.0	1251.00	734.20
3178512.0	1250.60	734.50
3178514.0	1250.20	735.70
3178516.0	1249.50	736.00
3178518.0	1249.00	734.70
3178520.0	1249.20	735.00
3178522.0	1250.90	734.70
3178524.0	1251.00	734.50
3178526.0	1251.80	735.40
3178528.0	1251.90	736.40
3178530.0	1253.90	734.30
3178532.0	1253.90	732.40
3178534.0	1253.90	732.90
3178536.0	1253.20	732.80
3178538.0	1252.20	733.20
3178540.0	1251.20	734.60
3178542.0	1251.30	735.90
3178544.0	1251.50	736.80
3178546.0	1250.90	737.80
3178548.0	1250.40	738.20
3178550.0	1251.40	736.40
3178552.0	1251.50	736.50
3178554.0	1251.80	736.60
3178556.0	1252.20	737.80
3178558.0	1253.50	739.00
3178560.0	1254.70	737.60
3178562.0	1254.40	737.90
3178564.0	1254.00	738.10
3178566.0	1253.80	738.40
3178568.0	1248.50	739.40
3178570.0	1248.60	740.00
3178572.0	1250.00	740.40
3178574.0	1249.60	739.00
3178576.0	1249.70	739.40
3178578.0	1250.80	739.00
3178580.0	1251.90	738.60
3178582.0	1252.90	740.90
3178584.0	1254.50	741.20
3178586.0	1257.30	739.50
3178588.0	1257.50	740.00
3178590.0	1251.10	740.90
3178592.0	1251.30	741.20
3178594.0	1231.70	743.30
3178596.0	1202.10	745.10
3178598.0	1168.50	744.40
3178600.0	1126.50	746.90
3178602.0	1090.20	741.30
3178604.0	1027.70	742.00
3178606.0	989.70	738.70
3178608.0	943.90	732.60
3178610.0	910.10	734.40
3178612.0	861.60	736.80
3178614.0	824.50	738.70
3178616.0	788.90	733.60
3178618.0	748.80	726.60
3178620.0	702.90	728.40
3178622.0	665.60	729.80
3178624.0	631.20	720.80
3178626.0	592.70	723.50
3178628.0	576.80	724.60
3178630.0	553.80	725.80
3178632.0	543.20	728.60
3178634.0	530.10	730.30
3178636.0	530.50	730.70
3178638.0	535.80	724.90
3178640.0	540.30	722.90
3178642.0	556.90	722.90
3178644.0	571.10	723.60
3178646.0	570.60	724.00
3178648.0	570.20	718.50
3178650.0	562.00	719.00
3178652.0	547.00	718.40
3178654.0	547.40	718.80
3178656.0	547.30	720.80
3178658.0	547.70	722.60
3178660.0	548.60	722.90
3178662.0	548.90	723.20
3178664.0	549.40	717.90
3178666.0	554.30	718.40
3178668.0	556.40	719.00
3178670.0	558.70	723.40
3178672.0	559.30	727.50
3178674.0	557.00	728.10
3178676.0	555.80	721.40
3178678.0	554.80	721.30
3178680.0	555.40	721.90
3178682.0	558.00	728.80
3178684.0	560.50	729.40
3178686.0	561.00	730.60
3178688.0	557.10	731.20
3178690.0	557.60	726.40
3178692.0	559.70	727.10
3178694.0	560.20	727.60
3178696.0	554.80	728.10
3178698.0	555.20	728.00
3178700.0	555.70	727.90
3178702.0	556.20	726.20
3178704.0	551.20	723.30
3178706.0	548.70	723.70
3178708.0	549.20	722.10
3178710.0	549.40	720.60
3178712.0	548.80	721.60
3178714.0	548.20	721.90
3178716.0	548.40	722.10
3178718.0	548.70	724.10
3178720.0	550.40	724.30
3178722.0	550.60	712.70
3178724.0	546.20	711.70
3178726.0	546.70	712.10
3178728.0	546.80	711.40
3178730.0	547.20	711.80
3178732.0	550.40	709.90
3178734.0	550.60	710.10
3178736.0	551.70	718.10
3178738.0	551.70	718.40
3178740.0	552.00	718.60
3178742.0	552.30	718.70
3178744.0	554.70	722.90
3178746.0	555.20	723.40
3178748.0	547.40	722.80
3178750.0	547.80	722.20
3178752.0	548.20	722.60
3178754.0	550.00	721.80
3178756.0	552.00	722.10
3178758.0	552.20	721.80
3178760.0	549.20	721.70
3178762.0	547.50	718.20
3178764.0	544.40	718.40
3178766.0	544.80	718.60
3178768.0	542.20	719.00
3178770.0	542.50	717.50
3178772.0	543.40	716.00
3178774.0	543.90	718.50
3178776.0	544.30	718.90
3178778.0	544.60	721.30
3178780.0	543.90	722.90
3178782.0	544.20	723.20
3178784.0	546.30	718.90
3178786.0	546.90	719.60
3178788.0	545.70	719.50
3178790.0	545.20	719.40
3178792.0	545.70	717.30
3178794.0	547.50	717.90
3178796.0	550.40	720.30
3178798.0	550.90	720.80
3178800.0	550.60	715.10
3178802.0	550.30	715.70
3178804.0	547.30	716.00
3178806.0	538.70	716.50
3178808.0	539.10	715.50
3178810.0	543.50	716.00
3178812.0	544.00	716.50
3178814.0	543.20	717.80
3178816.0	543.70	718.40
3178818.0	547.30	718.70
3178820.0	553.90	721.90
3178822.0	554.30	726.00
3178824.0	542.30	726.70
3178826.0	542.60	726.10
3178828.0	544.20	726.50
3178830.0	544.40	725.70
3178832.0	544.80	726.00
3178834.0	545.10	726.20
3178836.0	546.30	716.60
3178838.0	546.60	717.00
3178840.0	549.00	719.90
3178842.0	549.30	722.70
3178844.0	545.00	723.10
3178846.0	546.90	723.70
3178848.0	547.30	724.10
3178850.0	548.00	724.40
3178852.0	548.30	724.60
3178854.0	548.60	726.50
3178856.0	549.00	726.80
3178858.0	549.20	724.40
3178860.0	547.00	724.70
3178862.0	546.80	725.60
3178864.0	543.00	725.90
3178866.0	543.30	724.80
3178868.0	547.60	724.50
3178870.0	547.80	724.20
3178872.0	548.40	722.00
3178874.0	548.50	722.20
3178876.0	549.10	723.70
3178878.0	549.30	724.00
3178880.0	540.60	724.00
3178882.0	540.70	723.80
3178884.0	541.90	718.10
3178886.0	542.10	718.30
3178888.0	542.30	715.00
3178890.0	542.80	715.10
3178892.0	543.00	712.30
3178894.0	537.60	712.50
3178896.0	537.80	714.50
3178898.0	537.70	714.70
3178900.0	537.90	715.00
3178902.0	538.80	715.40
3178904.0	539.70	715.60
3178906.0	538.10	715.80
3178908.0	538.50	722.10
3178910.0	538.60	722.20
3178912.0	539.40	721.00
3178914.0	539.50	719.80
3178916.0	539.60	718.80
3178918.0	540.30	718.90
3178920.0	540.50	724.70
3178922.0	540.40	724.90
3178924.0	540.60	726.50
3178926.0	540.90	726.70
3178928.0	536.20	726.00
3178930.0	536.50	725.30
3178932.0	536.90	719.30
3178934.0	537.20	719.50
3178936.0	541.00	719.70
3178938.0	541.10	719.80
3178940.0	541.30	720.20
3178942.0	541.40	720.40
3178944.0	541.40	720.30
3178946.0	534.50	713.50
3178948.0	534.70	714.20
3178950.0	537.10	715.00
3178952.0	538.30	715.30
3178954.0	539.50	714.10
3178956.0	544.40	714.80
3178958.0	544.60	715.00
3178960.0	543.80	719.00
3178962.0	542.90	722.20
3178964.0	540.00	722.50
3178966.0	539.30	718.70
3178968.0	538.90	719.00
3178970.0	539.20	720.00
3178972.0	540.70	720.30
3178974.0	540.90	720.50
3178976.0	540.80	720.90
3178978.0	541.00	721.00
3178980.0	541.10	717.40
3178982.0	535.90	719.30
3178984.0	536.00	719.00
3178986.0	539.50	719.00
3178988.0	539.60	719.10
3178990.0	539.40	711.30
3178992.0	539.10	711.40
3178994.0	534.40	710.30
3178996.0	535.50	710.40
3178998.0	535.30	712.90
3179000.0	535.20	713.00
3179002.0	535.10	713.10
3179004.0	535.20	715.70
3179006.0	535.00	714.80
3179008.0	535.10	713.80
3179010.0	533.00	711.40
3179012.0	533.40	711.60
3179014.0	533.70	710.40
3179016.0	536.50	709.10
3179018.0	536.60	709.90
3179020.0	534.60	710.70
3179022.0	535.00	709.20
3179024.0	535.10	709.30
3179026.0	534.80	711.30
3179028.0	534.80	711.40
3179030.0	535.00	711.60
3179032.0	531.40	712.10
3179034.0	530.50	712.40
3179036.0	529.70	709.00
3179038.0	530.00	711.40
3179040.0	533.80	711.40
3179042.0	537.00	711.40
3179044.0	537.20	710.80
3179046.0	536.80	710.90
3179048.0	536.50	711.40
3179050.0	534.30	711.90
3179052.0	534.40	710.50
3179054.0	537.60	710.60
3179056.0	537.70	711.90
3179058.0	532.60	712.10
3179060.0	532.80	713.80
3179062.0	531.60	714.00
3179064.0	531.70	711.90
3179066.0	531.00	712.40
3179068.0	531.20	712.90
3179070.0	533.10	716.00
3179072.0	533.20	716.10
3179074.0	533.50	718.30
3179076.0	536.80	718.50
3179078.0	539.70	714.50
3179080.0	543.40	714.70
3179082.0	543.50	713.10
3179084.0	540.80	711.20
3179086.0	533.40	712.50
3179088.0	533.50	712.70
3179090.0	534.00	708.60
3179092.0	534.40	708.70
3179094.0	534.90	708.70
3179096.0	535.50	708.80
3179098.0	532.10	710.60
3179100.0	532.10	710.70
3179102.0	532.20	708.10
3179104.0	531.30	708.20
3179106.0	531.40	708.80
3179108.0	530.50	709.00
3179110.0	530.60	709.70
3179112.0	529.50	709.80
3179114.0	529.60	707.30
3179116.0	532.80	707.00
3179118.0	534.60	707.10
3179120.0	535.20	709.60
3179122.0	533.10	707.90
3179124.0	532.80	708.90
3179126.0	532.90	709.90
3179128.0	533.00	710.00
3179130.0	533.00	710.10
3179132.0	531.90	707.40
3179134.0	531.90	707.50
3179136.0	531.90	707.50
3179138.0	531.90	707.60
3179140.0	532.00	702.10
3179142.0	527.40	699.70
3179144.0	527.40	696.50
3179146.0	534.10	696.50
3179148.0	534.10	701.20
3179150.0	534.80	701.30
3179152.0	533.80	701.30
3179154.0	532.90	695.60
3179156.0	532.70	695.60
3179158.0	532.50	698.50
3179160.0	532.50	698.80
3179162.0	521.70	698.90
3179164.0	521.70	698.70
3179166.0	525.20	698.70
3179168.0	533.70	703.20
3179170.0	534.00	705.50
3179172.0	534.30	706.00
3179174.0	534.50	705.90
3179176.0	534.50	705.90
3179178.0	534.40	708.70
3179180.0	534.30	708.70
3179182.0	532.40	703.60
3179184.0	533.30	703.60
3179186.0	533.30	696.30
3179188.0	534.60	696.30
3179190.0	534.60	695.40
3179192.0	533.30	695.30
3179194.0	531.90	695.20
3179196.0	530.30	695.30
3179198.0	529.90	696.80
3179200.0	528.70	696.60
3179202.0	527.50	696.50
3179204.0	527.20	698.10
3179206.0	527.20	698.10
3179208.0	527.20	696.60
3179210.0	528.90	696.60
3179212.0	528.20	700.90
3179214.0	527.60	700.60
3179216.0	527.20	698.00
3179218.0	526.80	697.70
3179220.0	526.40	701.70
3179222.0	526.60	703.20
3179224.0	527.00	703.20
3179226.0	526.90	696.70
3179228.0	527.00	696.60
3179230.0	526.90	694.50
3179232.0	523.90	692.40
3179234.0	516.30	684.50
3179236.0	516.20	683.20
3179238.0	517.10	683.10
3179240.0	518.10	685.10
3179242.0	520.10	686.40
3179244.0	521.00	690.90
3179246.0	519.30	691.20
3179248.0	519.40	691.20
3179250.0	524.20	691.20
3179252.0	526.20	692.00
3179254.0	526.30	692.20
3179256.0	522.60	692.30
3179258.0	522.80	692.40
3179260.0	523.20	685.00
3179262.0	523.40	685.20
3179264.0	521.70	685.30
3179266.0	514.50	677.80
3179268.0	512.50	661.70
3179270.0	497.70	655.50
3179272.0	479.40	636.30
3179274.0	472.90	612.30
3179276.0	453.70	575.80
3179278.0	447.30	549.80
3179280.0	438.40	524.10
3179282.0	433.00	494.90
3179284.0	429.40	459.10
3179286.0	423.00	443.90
3179288.0	420.60	421.60
3179290.0	405.30	403.30
3179292.0	399.10	377.50
3179294.0	390.00	361.80
3179296.0	376.40	356.20
3179298.0	369.10	335.80
3179300.0	355.80	316.80
3179302.0	346.50	298.10
3179304.0	327.20	274.50
3179306.0	316.30	258.20
3179308.0	310.00	246.10
3179310.0	292.60	231.40
3179312.0	283.80	222.50
3179314.0	281.70	208.40
3179316.0	278.80	199.10
3179318.0	273.00	198.80
3179320.0	273.20	199.00
3179322.0	281.20	203.70
3179324.0	290.10	203.50
3179326.0	290.30	203.80
3179328.0	284.10	203.50
3179330.0	285.00	203.80
3179332.0	285.30	202.10
3179334.0	283.40	200.20
3179336.0	280.10	198.80
3179338.0	280.30	199.00
3179340.0	280.40	199.20
3179342.0	282.20	200.30
3179344.0	282.40	200.60
3179346.0	282.70	202.60
3179348.0	282.80	202.80
3179350.0	283.00	203.00
3179352.0	283.30	201.90
3179354.0	279.60	200.50
3179356.0	279.80	200.60
3179358.0	285.20	201.20
3179360.0	290.00	207.00
3179362.0	290.10	207.10
3179364.0	288.20	202.50
3179366.0	286.20	199.10
3179368.0	287.10	201.10
3179370.0	288.20	201.10
3179372.0	288.30	201.00
3179374.0	280.60	198.90
3179376.0	281.30	199.00
3179378.0	282.00	199.10
3179380.0	280.80	199.10
3179382.0	280.90	198.20
3179384.0	283.60	198.50
3179386.0	286.90	200.40
3179388.0	287.10	199.50
3179390.0	280.20	197.90
3179392.0	280.20	198.00
3179394.0	280.10	203.70
3179396.0	280.30	203.80
3179398.0	282.80	200.30
3179400.0	282.90	200.40
3179402.0	284.10	202.20
3179404.0	283.50	203.80
3179406.0	283.10	203.80
3179408.0	281.30	197.50
3179410.0	281.40	197.20
3179412.0	279.80	196.70
3179414.0	278.40	194.20
3179416.0	277.70	194.20
3179418.0	277.60	198.10
3179420.0	280.50	198.30
3179422.0	280.80	192.60
3179424.0	281.50	192.70
3179426.0	281.10	201.70
3179428.0	279.00	201.50
3179430.0	275.30	203.70
3179432.0	277.90	204.00
3179434.0	280.60	202.80
3179436.0	280.90	202.90
3179438.0	281.00	201.00
3179440.0	281.10	199.90
3179442.0	281.20	199.90
3179444.0	281.20	199.80
3179446.0	283.00	200.00
3179448.0	284.90	200.10
3179450.0	286.00	200.20
3179452.0	285.60	207.80
3179454.0	282.70	207.60
3179456.0	282.80	204.20
3179458.0	276.80	202.10
3179460.0	276.80	201.30
3179462.0	281.00	201.60
3179464.0	282.10	202.70
3179466.0	282.10	203.70
3179468.0	283.40	206.10
3179470.0	283.30	206.00
3179472.0	281.40	208.30
3179474.0	281.40	208.30
3179476.0	282.50	202.40
3179478.0	282.20	203.50
3179480.0	281.80	204.60
3179482.0	283.70	203.80
3179484.0	283.50	202.90
3179486.0	275.80	201.00
3179488.0	275.70	200.80
3179490.0	275.60	200.70
3179492.0	284.30	203.10
3179494.0	284.00	206.80
3179496.0	279.40	206.40
3179498.0	278.30	202.40
3179500.0	278.30	202.30
3179502.0	278.40	202.20
3179504.0	283.20	203.20
3179506.0	283.30	203.90
3179508.0	283.20	204.00
3179510.0	283.30	201.10
3179512.0	281.40	202.60
3179514.0	281.90	204.40
3179516.0	282.40	205.80
3179518.0	285.30	205.50
3179520.0	285.30	205.60
3179522.0	284.90	205.60
3179524.0	284.80	208.20
3179526.0	283.50	208.10
3179528.0	283.60	207.40
3179530.0	281.60	206.60
3179532.0	281.50	201.50
3179534.0	281.10	201.40
3179536.0	278.80	201.10
3179538.0	280.20	198.80
3179540.0	280.20	198.80
3179542.0	280.10	201.30
3179544.0	280.10	203.90
3179546.0	280.00	203.90
3179548.0	279.90	202.90
3179550.0	284.50	202.30
3179552.0	284.50	200.10
3179554.0	285.20	200.40
3179556.0	285.60	200.70
3179558.0	283.60	200.90
3179560.0	283.90	201.90
3179562.0	283.70	203.00
3179564.0	283.10	207.70
3179566.0	283.40	208.10
3179568.0	282.00	207.40
3179570.0	282.20	207.70
3179572.0	283.00	206.90
3179574.0	283.20	206.30
3179576.0	283.40	206.50
3179578.0	289.50	207.80
3179580.0	289.60	207.80
3179582.0	289.70	209.30
3179584.0	289.70	209.30
3179586.0	289.60	209.20
3179588.0	289.90	203.40
3179590.0	289.90	203.40
3179592.0	284.20	209.00
3179594.0	284.30	209.10
3179596.0	286.50	209.80
3179598.0	288.40	210.50
3179600.0	288.50	210.60
3179602.0	289.60	204.20
3179604.0	289.60	204.30
3179606.0	286.20	203.80
3179608.0	287.30	204.00
3179610.0	287.30	206.80
3179612.0	286.10	207.10
3179614.0	286.00	207.40
3179616.0	286.10	208.30
3179618.0	290.80	209.60
3179620.0	290.80	212.00
3179622.0	286.20	213.40
3179624.0	285.60	214.70
3179626.0	285.60	215.20
3179628.0	285.60	214.80
3179630.0	284.70	214.40
3179632.0	284.70	216.20
3179634.0	283.50	216.20
3179636.0	283.70	213.80
3179638.0	288.60	212.10
3179640.0	287.50	209.70
3179642.0	287.50	209.70
3179644.0	289.00	210.80
3179646.0	289.70	211.70
3179648.0	290.40	214.30
3179650.0	290.40	213.80
3179652.0	290.40	213.80
3179654.0	291.90	214.30
3179656.0	292.00	214.80
3179658.0	292.00	214.10
3179660.0	292.00	214.10
3179662.0	288.50	213.80
3179664.0	290.60	213.90
3179666.0	292.70	214.20
3179668.0	292.90	214.30
3179670.0	292.60	219.30
3179672.0	291.40	219.20
3179674.0	291.40	219.00
3179676.0	291.30	218.80
3179678.0	292.00	219.20
3179680.0	292.10	219.60
3179682.0	291.90	219.40
3179684.0	280.60	210.10
3179686.0	280.50	211.30
3179688.0	283.60	212.90
3179690.0	288.10	213.60
3179692.0	286.40	213.50
3179694.0	286.40	213.20
3179696.0	286.70	212.90
3179698.0	287.00	213.00
3179700.0	292.20	210.10
3179702.0	292.00	211.10
3179704.0	292.00	211.90
3179706.0	295.60	212.40
3179708.0	294.50	212.40
3179710.0	293.40	212.30
3179712.0	288.60	211.80
3179714.0	288.60	211.70
3179716.0	288.50	211.50
3179718.0	288.40	211.50
3179720.0	289.20	220.70
3179722.0	290.20	220.70
3179724.0	294.40	221.10
3179726.0	293.70	221.00
3179728.0	293.20	215.40
3179730.0	292.20	214.50
3179732.0	292.30	211.80
3179734.0	288.40	211.40
3179736.0	288.50	211.20
3179738.0	288.70	211.20
3179740.0	289.00	211.80
3179742.0	290.10	212.40
3179744.0	291.10	215.00
3179746.0	295.30	212.80
3179748.0	295.30	212.60
3179750.0	296.60	212.50
3179752.0	296.40	212.40
3179754.0	294.40	212.10
3179756.0	294.20	213.50
3179758.0	290.90	213.10
3179760.0	291.10	208.50
3179762.0	291.10	208.40
3179764.0	290.40	209.70
3179766.0	291.30	209.70
3179768.0	292.10	209.70
3179770.0	295.40	215.60
3179772.0	295.30	216.00
3179774.0	295.10	216.00
3179776.0	295.20	216.00
3179778.0	296.40	216.00
3179780.0	296.40	215.90
3179782.0	292.00	212.80
3179784.0	292.10	212.70
3179786.0	292.00	212.80
3179788.0	292.00	212.20
3179790.0	293.20	212.30
3179792.0	293.10	213.60
3179794.0	298.30	217.00
3179796.0	298.30	217.00
3179798.0	295.50	216.30
3179800.0	292.80	215.70
3179802.0	288.90	211.70
3179804.0	288.80	213.20
3179806.0	289.80	214.90
3179808.0	290.90	215.00
3179810.0	294.10	211.90
3179812.0	294.10	211.90
3179814.0	293.50	214.70
3179816.0	293.40	217.50
3179818.0	292.90	217.40
3179820.0	292.80	216.70
3179822.0	294.60	216.40
3179824.0	295.70	216.10
3179826.0	296.80	215.40
3179828.0	298.50	215.50
3179830.0	298.40	215.40
3179832.0	294.70	214.70
3179834.0	294.70	214.60
3179836.0	296.50	214.70
3179838.0	294.40	210.90
3179840.0	294.90	210.90
3179842.0	294.80	210.80
3179844.0	290.70	209.00
3179846.0	290.60	208.90
3179848.0	301.60	217.20
3179850.0	301.50	217.10
3179852.0	301.20	211.00
3179854.0	300.80	209.60
3179856.0	293.00	208.90
3179858.0	292.90	209.20
3179860.0	297.90	212.30
3179862.0	297.80	212.20
3179864.0	295.50	211.40
3179866.0	295.40	211.50
3179868.0	295.10	211.30
3179870.0	295.10	210.00
3179872.0	297.30	210.10
3179874.0	298.90	215.40
3179876.0	298.60	215.30
3179878.0	298.70	214.50
3179880.0	297.70	213.60
3179882.0	297.90	210.60
3179884.0	299.00	210.70
3179886.0	300.90	210.60
3179888.0	300.80	210.50
3179890.0	299.90	214.60
3179892.0	299.90	214.50
3179894.0	303.50	214.40
3179896.0	301.90	213.80
3179898.0	300.40	211.50
3179900.0	300.20	213.30
3179902.0	300.00	215.00
3179904.0	306.00	216.10
3179906.0	309.30	216.10
3179908.0	309.20	215.90
3179910.0	304.80	215.00
3179912.0	304.70	215.90
3179914.0	304.90	215.80
3179916.0	304.80	215.60
3179918.0	303.70	215.30
3179920.0	303.50	216.40
3179922.0	303.40	217.40
3179924.0	302.80	217.20
3179926.0	302.80	216.60
3179928.0	302.70	216.00
3179930.0	302.30	212.40
3179932.0	301.80	209.70
3179934.0	302.70	209.70
3179936.0	302.70	209.60
3179938.0	302.70	209.70
3179940.0	302.90	215.30
3179942.0	302.90	215.30
3179944.0	303.00	214.60
3179946.0	303.50	204.60
3179948.0	303.50	204.50
3179950.0	304.20	206.20
3179952.0	304.70	206.20
3179954.0	304.70	206.10
3179956.0	304.70	210.60
3179958.0	304.60	210.50
3179960.0	304.60	210.50
3179962.0	304.60	208.90
3179964.0	299.60	207.00
3179966.0	299.80	202.80
3179968.0	304.20	203.10
3179970.0	307.50	206.20
3179972.0	307.50	206.10
3179974.0	305.50	206.70
3179976.0	305.50	207.40
3179978.0	309.70	211.40
3179980.0	309.90	209.20
3179982.0	310.50	209.30
3179984.0	310.50	209.20
3179986.0	312.90	209.40
3179988.0	312.80	212.10
3179990.0	313.20	212.20
3179992.0	313.20	211.60
3179994.0	312.70	211.70
3179996.0	309.70	211.20
3179998.0	309.80	211.00
3180000.0	310.00	208.10
3180002.0	303.60	207.70
3180004.0	303.60	207.80
3180006.0	303.80	203.10
3180008.0	303.80	204.10
3180010.0	304.60	205.00
3180012.0	305.30	205.80
3180014.0	308.90	206.20
3180016.0	308.90	207.20
3180018.0	303.60	206.60
3180020.0	303.60	206.70
3180022.0	303.50	208.20
3180024.0	303.50	209.70
3180026.0	304.10	212.00
3180028.0	301.60	212.30
3180030.0	301.70	212.40
3180032.0	305.00	211.90
3180034.0	306.90	211.90
3180036.0	307.40	210.30
3180038.0	307.70	210.60
3180040.0	307.70	210.70
3180042.0	307.80	210.20
3180044.0	307.90	209.80
3180046.0	311.80	209.70
3180048.0	311.50	209.70
3180050.0	311.40	212.20
3180052.0	311.40	210.90
3180054.0	310.30	210.50
3180056.0	309.20	210.00
3180058.0	309.40	209.30
3180060.0	309.60	209.30
3180062.0	316.50	214.70
3180064.0	316.50	214.70
3180066.0	309.80	212.50
3180068.0	309.90	212.60
3180070.0	309.90	212.60
3180072.0	307.40	208.70
3180074.0	304.80	208.50
3180076.0	304.20	208.50
3180078.0	304.10	210.70
3180080.0	304.60	210.80
3180082.0	304.70	210.90
3180084.0	305.80	204.80
3180086.0	305.80	204.80
3180088.0	306.70	204.90
3180090.0	307.70	202.40
3180092.0	306.10	202.30
3180094.0	305.90	207.20
3180096.0	308.80	207.50
3180098.0	307.10	208.90
3180100.0	307.90	209.00
3180102.0	307.90	209.10
3180104.0	307.90	209.20
3180106.0	307.90	209.20
3180108.0	305.40	207.90
3180110.0	305.50	207.70
3180112.0	304.40	207.70
3180114.0	304.50	208.20
3180116.0	305.60	208.80
3180118.0	305.60	212.60
3180120.0	305.60	212.70
3180122.0	302.00	206.80
3180124.0	302.30	202.20
3180126.0	307.10	202.70
3180128.0	307.10	204.10
3180130.0	309.10	205.60
3180132.0	311.00	206.80
3180134.0	308.20	206.40
3180136.0	308.20	206.40
3180138.0	306.80	209.30
3180140.0	306.80	209.20
3180142.0	309.70	206.70
3180144.0	309.70	206.70
3180146.0	309.20	215.90
3180148.0	304.30	215.50
3180150.0	304.40	211.60
3180152.0	304.50	211.40
3180154.0	310.80	211.90
3180156.0	310.80	213.00
3180158.0	310.90	213.00
3180160.0	311.20	215.20
3180162.0	311.20	215.10
3180164.0	311.30	211.00
3180166.0	311.40	211.10
3180168.0	312.90	221.40
3180170.0	312.00	221.30
3180172.0	311.50	229.10
3180174.0	312.80	236.20
3180176.0	317.70	238.30
3180178.0	331.20	253.00
3180180.0	364.60	260.70
3180182.0	381.40	261.60
3180184.0	406.80	282.80
3180186.0	428.50	291.60
3180188.0	451.20	305.70
3180190.0	466.00	306.60
3180192.0	493.60	318.20
3180194.0	520.00	325.10
3180196.0	538.80	325.80
3180198.0	571.10	340.20
3180200.0	597.10	352.20
3180202.0	615.70	355.40
3180204.0	624.90	367.30
3180206.0	643.70	367.40
3180208.0	664.30	374.40
3180210.0	690.00	383.30
3180212.0	712.80	385.40
3180214.0	742.40	393.60
3180216.0	763.80	400.30
3180218.0	770.10	402.30
3180220.0	788.80	402.00
3180222.0	815.20	403.50
3180224.0	836.30	409.50
3180226.0	856.50	411.80
3180228.0	884.00	415.20
3180230.0	890.70	429.80
3180232.0	920.50	429.00
3180234.0	935.80	428.30
3180236.0	955.70	427.50
3180238.0	975.30	427.70
3180240.0	986.00	428.10
3180242.0	1004.60	427.50
3180244.0	1026.20	424.70
3180246.0	1040.20	424.10
3180248.0	1062.80	423.20
3180250.0	1073.80	430.60
3180252.0	1095.70	435.40
3180254.0	1113.50	435.10
3180256.0	1134.00	434.60
3180258.0	1146.40	443.70
3180260.0	1157.20	462.50
3180262.0	1160.40	468.40
3180264.0	1176.60	479.30
3180266.0	1176.60	479.20
3180268.0	1176.10	497.80
3180270.0	1185.30	500.40
3180272.0	1191.00	526.80
3180274.0	1206.80	544.10
3180276.0	1206.70	552.10
3180278.0	1215.00	567.50
3180280.0	1223.00	570.80
3180282.0	1232.60	578.90
3180284.0	1244.60	582.70
3180286.0	1245.60	590.70
3180288.0	1244.70	602.50
3180290.0	1244.60	614.10
3180292.0	1247.60	614.00
3180294.0	1247.60	614.00
3180296.0	1249.50	624.90
3180298.0	1250.40	624.80
3180300.0	1259.20	634.50
3180302.0	1259.20	636.40
3180304.0	1267.80	635.80
3180306.0	1271.20	635.60
3180308.0	1272.90	634.60
3180310.0	1272.90	634.60
3180312.0	1272.90	640.50
3180314.0	1272.90	643.10
3180316.0	1267.80	643.40
3180318.0	1267.80	643.20
3180320.0	1270.20	642.80
3180322.0	1270.20	641.70
3180324.0	1276.70	641.40
3180326.0	1276.70	641.20
3180328.0	1276.60	641.20
3180330.0	1271.60	641.40
3180332.0	1271.60	641.40
3180334.0	1274.40	648.00
3180336.0	1274.40	647.90
3180338.0	1274.40	640.00
3180340.0	1274.40	640.00
3180342.0	1276.10	648.80
3180344.0	1276.10	648.80
3180346.0	1271.40	644.70
3180348.0	1271.40	644.70
3180350.0	1271.40	645.10
3180352.0	1271.30	645.50
3180354.0	1271.30	646.20
3180356.0	1277.10	644.90
3180358.0	1277.70	644.90
3180360.0	1277.70	646.00
3180362.0	1279.20	646.90
3180364.0	1280.20	646.90
3180366.0	1280.20	645.50
3180368.0	1273.80	644.90
3180370.0	1273.80	639.30
3180372.0	1274.30	639.20
3180374.0	1274.10	638.60
3180376.0	1274.10	638.60
3180378.0	1276.40	640.90
3180380.0	1276.00	640.90
3180382.0	1276.00	647.50
3180384.0	1280.10	648.50
3180386.0	1280.10	648.40
3180388.0	1278.60	649.10
3180390.0	1277.00	649.10
3180392.0	1277.70	643.00
3180394.0	1278.50	641.30
3180396.0	1278.50	641.80
3180398.0	1275.80	641.70
3180400.0	1275.80	641.60
3180402.0	1274.80	641.60
3180404.0	1274.80	645.80
3180406.0	1274.70	646.00
3180408.0	1274.70	646.00
3180410.0	1279.90	646.60
3180412.0	1279.90	646.60
3180414.0	1278.00	645.70
3180416.0	1278.00	645.00
3180418.0	1276.60	645.10
3180420.0	1276.60	637.50
3180422.0	1279.40	637.30
3180424.0	1279.40	641.10
3180426.0	1277.40	641.30
3180428.0	1276.80	643.70
3180430.0	1277.00	643.70
3180432.0	1277.00	643.90
3180434.0	1275.40	644.00
3180436.0	1275.40	644.80
3180438.0	1276.00	644.40
3180440.0	1276.50	643.90
3180442.0	1276.50	640.50
3180444.0	1277.80	640.40
3180446.0	1279.00	643.60
3180448.0	1277.90	643.70
3180450.0	1277.90	644.90
3180452.0	1280.90	644.80
3180454.0	1280.90	644.80
3180456.0	1281.90	644.20
3180458.0	1281.90	644.20
3180460.0	1279.60	644.10
3180462.0	1279.60	644.10
3180464.0	1277.70	644.20
3180466.0	1277.70	644.50
3180468.0	1281.70	644.30
3180470.0	1281.70	644.20
3180472.0	1282.10	644.10
3180474.0	1282.10	639.90
3180476.0	1279.40	640.00
3180478.0	1279.40	640.40
3180480.0	1281.50	640.30
3180482.0	1281.50	640.30
3180484.0	1281.40	642.00
3180486.0	1281.20	642.00
3180488.0	1278.40	641.40
3180490.0	1278.40	640.60
3180492.0	1278.40	636.20
3180494.0	1278.40	636.30
3180496.0	1282.30	641.90
3180498.0	1281.10	642.00
3180500.0	1279.90	639.10
3180502.0	1278.80	639.10
3180504.0	1278.80	640.00
3180506.0	1282.20	640.60
3180508.0	1282.80	640.50
3180510.0	1284.40	640.20
3180512.0	1284.40	640.20
3180514.0	1285.20	640.00
3180516.0	1285.20	640.00
3180518.0	1285.30	644.40
3180520.0	1288.60	645.90
3180522.0	1289.40	645.50
3180524.0	1288.10	645.30
3180526.0	1286.70	643.30
3180528.0	1286.00	643.30
3180530.0	1283.70	644.40
3180532.0	1283.70	645.40
3180534.0	1284.80	647.30
3180536.0	1284.80	646.50
3180538.0	1283.80	645.70
3180540.0	1283.90	646.90
3180542.0	1283.90	646.30
3180544.0	1283.90	645.70
3180546.0	1283.60	641.00
3180548.0	1283.60	641.00
3180550.0	1285.90	641.00
3180552.0	1286.10	641.00
3180554.0	1286.10	643.20
3180556.0	1286.20	645.30
3180558.0	1286.20	643.80
3180560.0	1287.00	643.80
3180562.0	1287.00	644.70
3180564.0	1287.80	645.60
3180566.0	1287.80	645.70
3180568.0	1288.00	645.80
3180570.0	1288.20	645.80
3180572.0	1288.20	648.20
3180574.0	1289.00	648.20
3180576.0	1289.00	648.20
3180578.0	1288.90	647.10
3180580.0	1288.80	648.60
3180582.0	1288.80	650.10
3180584.0	1290.20	649.40
3180586.0	1290.20	648.80
3180588.0	1287.20	646.30
3180590.0	1284.60	646.40
3180592.0	1284.60	643.90
3180594.0	1285.10	643.90
3180596.0	1285.60	651.50
3180598.0	1285.60	651.60
3180600.0	1287.00	649.40
3180602.0	1286.80	649.40
3180604.0	1286.80	649.50
3180606.0	1287.30	652.60
3180608.0	1287.30	652.60
3180610.0	1285.40	652.70
3180612.0	1285.40	648.20
3180614.0	1285.70	646.20
3180616.0	1286.50	646.10
3180618.0	1291.30	645.90
3180620.0	1291.30	646.20
3180622.0	1287.70	646.40
3180624.0	1285.20	646.50
3180626.0	1281.50	646.70
3180628.0	1281.50	646.50
3180630.0	1284.80	646.30
3180632.0	1284.80	652.70
3180634.0	1284.80	652.80
3180636.0	1284.80	652.30
3180638.0	1285.30	651.90
3180640.0	1285.70	651.60
3180642.0	1285.70	651.20
3180644.0	1284.00	646.00
3180646.0	1284.00	646.10
3180648.0	1284.00	647.30
3180650.0	1284.00	648.60
3180652.0	1289.70	648.40
3180654.0	1289.70	645.70
3180656.0	1283.30	645.70
3180658.0	1283.30	645.70
3180660.0	1287.30	650.40
3180662.0	1287.10	650.40
3180664.0	1286.90	651.90
3180666.0	1284.80	652.00
3180668.0	1284.80	655.60
3180670.0	1285.20	654.20
3180672.0	1285.60	652.80
3180674.0	1289.50	653.30
3180676.0	1289.50	653.30
3180678.0	1288.40	651.50
3180680.0	1288.40	651.40
3180682.0	1286.60	651.40
3180684.0	1282.80	650.60
3180686.0	1282.70	647.90
3180688.0	1282.70	648.30
3180690.0	1281.80	648.30
3180692.0	1281.80	648.30
3180694.0	1284.80	648.10
3180696.0	1285.30	649.20
3180698.0	1284.30	648.80
3180700.0	1284.30	648.80
3180702.0	1284.30	648.50
3180704.0	1285.00	648.40
3180706.0	1285.00	648.40
3180708.0	1285.30	649.00
3180710.0	1285.70	649.50
3180712.0	1285.70	651.40
3180714.0	1286.30	653.20
3180716.0	1287.00	653.10
3180718.0	1287.70	647.20
3180720.0	1287.70	647.20
3180722.0	1287.00	649.60
3180724.0	1287.00	651.90
3180726.0	1289.40	651.80
3180728.0	1289.30	650.90
3180730.0	1288.80	650.80
3180732.0	1288.80	650.90
3180734.0	1287.40	650.90
3180736.0	1287.40	643.70
3180738.0	1287.30	643.80
3180740.0	1282.30	647.40
3180742.0	1282.30	647.40
3180744.0	1282.80	642.80
3180746.0	1282.80	642.80
3180748.0	1279.40	648.70
3180750.0	1279.40	648.70
3180752.0	1282.10	647.10
3180754.0	1283.60	647.00
3180756.0	1283.20	647.70
3180758.0	1283.20	647.70
3180760.0	1283.50	646.80
3180762.0	1283.50	646.80
3180764.0	1282.30	647.40
3180766.0	1282.30	648.00
3180768.0	1289.10	650.70
3180770.0	1289.10	650.90
3180772.0	1285.80	651.10
3180774.0	1285.40	648.40
3180776.0	1285.40	645.70
3180778.0	1285.10	645.80
3180780.0	1284.90	644.10
3180782.0	1279.70	644.30
3180784.0	1279.70	648.60
3180786.0	1286.80	648.20
3180788.0	1289.50	648.10
3180790.0	1289.50	645.80
3180792.0	1288.40	645.90
3180794.0	1287.30	647.10
3180796.0	1287.90	647.00
3180798.0	1288.40	644.10
3180800.0	1289.50	644.00
3180802.0	1289.50	645.20
3180804.0	1289.50	646.40
3180806.0	1289.50	645.30
3180808.0	1283.50	645.60
3180810.0	1283.60	650.00
3180812.0	1287.00	649.80
3180814.0	1287.00	647.40
3180816.0	1287.00	645.40
3180818.0	1287.60	646.90
3180820.0	1287.50	646.90
3180822.0	1287.40	646.90
3180824.0	1285.10	648.60
3180826.0	1285.10	649.40
3180828.0	1285.30	649.40
3180830.0	1285.30	652.60
3180832.0	1286.60	651.90
3180834.0	1286.60	651.30
3180836.0	1286.60	647.10
3180838.0	1290.10	647.00
3180840.0	1289.20	649.50
3180842.0	1289.20	649.90
3180844.0	1289.20	647.80
3180846.0	1283.10	645.90
3180848.0	1283.10	646.90
3180850.0	1288.80	647.50
3180852.0	1297.00	651.60
3180854.0	1297.00	651.60
3180856.0	1288.20	652.50
3180858.0	1288.20	652.50
3180860.0	1289.30	648.20
3180862.0	1289.30	648.40
3180864.0	1289.60	648.40
3180866.0	1289.60	649.60
3180868.0	1288.70	649.60
3180870.0	1287.60	645.80
3180872.0	1284.60	645.90
3180874.0	1284.60	646.30
3180876.0	1288.50	646.50
3180878.0	1288.30	647.10
3180880.0	1288.30	647.80
3180882.0	1287.70	648.70
3180884.0	1287.10	649.60
3180886.0	1287.10	652.90
3180888.0	1287.80	652.80
3180890.0	1288.60	647.00
3180892.0	1288.60	647.00
3180894.0	1287.40	646.30
3180896.0	1287.50	645.50
3180898.0	1287.60	645.50
3180900.0	1289.00	645.30
3180902.0	1289.80	645.60
3180904.0	1289.80	645.60
3180906.0	1289.80	645.50
3180908.0	1291.00	646.70
3180910.0	1292.10	646.60
3180912.0	1289.90	646.90
3180914.0	1287.70	647.00
3180916.0	1287.70	646.50
3180918.0	1287.40	641.80
3180920.0	1287.40	641.80
3180922.0	1287.00	641.80
3180924.0	1287.00	640.30
3180926.0	1287.30	640.30
3180928.0	1287.70	648.30
3180930.0	1289.50	648.20
3180932.0	1289.70	649.00
3180934.0	1289.90	649.00
3180936.0	1289.60	643.30
3180938.0	1289.60	643.30
3180940.0	1291.70	643.20
3180942.0	1291.70	643.20
3180944.0	1290.30	641.90
3180946.0	1288.80	641.90
3180948.0	1285.90	641.90
3180950.0	1285.90	641.20
3180952.0	1285.90	641.40
3180954.0	1287.80	641.50
3180956.0	1289.20	641.40
3180958.0	1287.00	642.80
3180960.0	1287.00	644.20
3180962.0	1287.30	643.60
3180964.0	1287.70	643.50
3180966.0	1294.70	646.80
3180968.0	1295.00	646.80
3180970.0	1295.00	646.80
3180972.0	1294.10	644.20
3180974.0	1287.60	641.90
3180976.0	1287.60	635.40
3180978.0	1287.60	635.30
3180980.0	1289.50	637.40
3180982.0	1291.30	637.70
3180984.0	1291.30	637.70
3180986.0	1291.30	638.50
3180988.0	1290.50	639.40
3180990.0	1290.80	638.30
3180992.0	1291.00	638.30
3180994.0	1291.00	638.30
3180996.0	1291.10	636.80
3180998.0	1291.10	636.80
3181000.0	1289.40	636.80
3181002.0	1290.70	633.80
3181004.0	1292.10	633.70
3181006.0	1289.70	640.10
3181008.0	1289.70	640.90
3181010.0	1289.70	640.80
3181012.0	1292.10	640.20
3181014.0	1291.50	640.40
3181016.0	1290.90	640.40
3181018.0	1290.90	639.00
3181020.0	1288.40	637.80
3181022.0	1288.40	637.70
3181024.0	1287.30	635.20
3181026.0	1287.20	635.20
3181028.0	1287.20	637.90
3181030.0	1290.60	640.40
3181032.0	1291.20	642.00
3181034.0	1291.20	644.40
3181036.0	1291.00	644.40
3181038.0	1290.70	636.50
3181040.0	1290.10	636.50
3181042.0	1289.70	642.50
3181044.0	1289.30	642.50
3181046.0	1289.30	636.30
3181048.0	1293.00	636.10
3181050.0	1293.00	642.30
3181052.0	1293.00	642.80
3181054.0	1293.00	641.00
3181056.0	1291.90	641.10
3181058.0	1290.80	641.10
3181060.0	1291.20	641.10
3181062.0	1291.30	643.20
3181064.0	1291.30	643.20
3181066.0	1286.80	640.30
3181068.0	1286.80	640.30
3181070.0	1288.30	639.80
3181072.0	1288.30	640.00
3181074.0	1288.30	640.10
3181076.0	1292.50	642.60
3181078.0	1291.60	642.60
3181080.0	1290.80	639.20
3181082.0	1290.80	639.20
3181084.0	1294.30	639.50
3181086.0	1294.40	640.10
3181088.0	1294.40	641.60
3181090.0	1296.00	642.90
3181092.0	1296.00	643.30
3181094.0	1294.80	643.70
3181096.0	1293.70	643.70
3181098.0	1293.20	638.60
3181100.0	1293.30	638.50
3181102.0	1293.40	640.50
3181104.0	1294.40	640.40
3181106.0	1294.50	639.60
3181108.0	1294.60	639.50
3181110.0	1294.60	640.80
3181112.0	1293.50	641.60
3181114.0	1293.50	641.60
3181116.0	1294.90	642.90
3181118.0	1294.50	643.20
3181120.0	1294.00	643.40
3181122.0	1289.20	643.60
3181124.0	1289.20	642.10
3181126.0	1289.80	642.00
3181128.0	1290.50	646.40
3181130.0	1288.90	645.30
3181132.0	1288.90	644.10
3181134.0	1292.20	644.70
3181136.0	1292.20	645.40
3181138.0	1292.60	645.40
3181140.0	1292.60	645.30
3181142.0	1292.60	645.80
3181144.0	1294.00	645.70
3181146.0	1294.50	645.60
3181148.0	1294.90	644.90
3181150.0	1294.90	644.40
3181152.0	1290.80	644.60
3181154.0	1290.80	644.60
3181156.0	1289.90	644.70
3181158.0	1288.00	644.70
3181160.0	1288.70	644.50
3181162.0	1289.40	640.60
3181164.0	1292.30	640.90
3181166.0	1292.30	640.90
3181168.0	1291.30	641.70
3181170.0	1291.30	641.70
3181172.0	1294.60	641.60
3181174.0	1293.80	641.80
3181176.0	1293.10	641.10
3181178.0	1293.40	641.10
3181180.0	1293.40	640.90
3181182.0	1293.30	640.90
3181184.0	1289.90	643.90
3181186.0	1289.90	645.30
3181188.0	1289.80	645.30
3181190.0	1293.80	645.10
3181192.0	1294.20	645.10
3181194.0	1297.00	645.00
3181196.0	1297.00	645.00
3181198.0	1294.90	647.60
3181200.0	1294.90	647.60
3181202.0	1300.50	650.30
3181204.0	1328.80	651.30
3181206.0	1339.10	650.80
3181208.0	1369.30	653.40
3181210.0	1409.80	651.50
3181212.0	1437.80	645.40
3181214.0	1469.90	644.00
3181216.0	1496.00	638.80
3181218.0	1527.70	618.90
3181220.0	1569.30	616.10
3181222.0	1593.00	615.50
3181224.0	1627.30	614.00
3181226.0	1651.50	607.30
3181228.0	1685.10	605.90
3181230.0	1721.60	594.30
3181232.0	1752.80	586.30
3181234.0	1785.60	585.00
3181236.0	1824.60	583.50
3181238.0	1858.60	575.30
3181240.0	1887.00	558.80
3181242.0	1910.30	546.10
3181244.0	1936.00	537.50
3181246.0	1967.60	536.50
3181248.0	1998.90	528.70
3181250.0	2033.90	525.20
3181252.0	2059.30	523.60
3181254.0	2097.30	522.50
3181256.0	2117.50	522.20
3181258.0	2152.70	521.40
3181260.0	2184.70	507.40
3181262.0	2211.50	506.80
3181264.0	2245.90	506.10
3181266.0	2262.80	502.50
3181268.0	2297.70	501.90
3181270.0	2319.90	501.20
3181272.0	2337.00	501.00
3181274.0	2349.50	499.10
3181276.0	2358.10	498.90
3181278.0	2356.10	499.80
3181280.0	2356.00	499.80
3181282.0	2356.00	499.80
3181284.0	2351.10	500.00
3181286.0	2346.80	495.20
3181288.0	2346.60	494.80
3181290.0	2347.20	494.80
3181292.0	2347.50	492.00
3181294.0	2346.10	492.60
3181296.0	2346.10	492.40
3181298.0	2345.30	492.30
3181300.0	2345.40	494.30
3181302.0	2344.00	494.00
3181304.0	2343.70	494.10
3181306.0	2343.60	493.40
3181308.0	2343.50	492.80
3181310.0	2343.50	492.20
3181312.0	2344.30	487.30
3181314.0	2344.30	487.30
3181316.0	2344.10	485.40
3181318.0	2344.10	485.40
3181320.0	2344.50	485.50
3181322.0	2344.50	485.50
3181324.0	2344.40	489.70
3181326.0	2344.40	489.80
3181328.0	2343.90	489.70
3181330.0	2343.50	489.70
3181332.0	2343.10	492.30
3181334.0	2343.10	492.40
3181336.0	2346.80	492.10
3181338.0	2346.80	492.00
3181340.0	2347.20	487.20
3181342.0	2347.40	487.30
3181344.0	2347.60	487.10
3181346.0	2347.50	487.10
3181348.0	2342.40	488.80
3181350.0	2342.30	487.80
3181352.0	2343.00	486.70
3181354.0	2343.00	486.80
3181356.0	2345.60	485.40
3181358.0	2344.50	485.40
3181360.0	2343.40	485.50
3181362.0	2340.90	484.60
3181364.0	2340.80	483.60
3181366.0	2341.60	481.70
3181368.0	2342.50	480.90
3181370.0	2346.20	480.90
3181372.0	2344.90	480.20
3181374.0	2343.70	480.20
3181376.0	2344.70	480.20
3181378.0	2344.60	480.20
3181380.0	2341.40	482.20
3181382.0	2339.10	484.30
3181384.0	2339.10	484.20
3181386.0	2345.50	484.00
3181388.0	2345.50	483.90
3181390.0	2345.40	483.90
3181392.0	2345.30	482.60
3181394.0	2345.40	481.30
3181396.0	2345.60	481.00
3181398.0	2346.30	481.00
3181400.0	2346.10	484.50
3181402.0	2346.20	484.40
3181404.0	2346.40	485.30
3181406.0	2346.70	485.20
3181408.0	2346.80	486.30
3181410.0	2345.30	486.00
3181412.0	2345.30	485.60
3181414.0	2344.90	481.90
3181416.0	2344.20	481.90
3181418.0	2344.10	481.60
3181420.0	2349.80	481.50
3181422.0	2349.90	482.90
3181424.0	2349.00	484.10
3181426.0	2349.10	486.20
3181428.0	2349.20	487.50
3181430.0	2350.70	491.90
3181432.0	2350.80	491.90
3181434.0	2350.30	484.40
3181436.0	2350.20	484.40
3181438.0	2350.50	483.40
3181440.0	2350.50	483.40
3181442.0	2346.20	484.40
3181444.0	2346.20	485.30
3181446.0	2346.30	486.20
3181448.0	2346.30	486.20
3181450.0	2346.70	486.40
3181452.0	2346.60	486.40
3181454.0	2346.60	486.80
3181456.0	2346.60	486.90
3181458.0	2346.10	488.20
3181460.0	2345.60	488.20
3181462.0	2345.40	485.40
3181464.0	2345.40	485.00
3181466.0	2346.20	485.00
3181468.0	2346.20	485.50
3181470.0	2344.30	487.20
3181472.0	2340.40	488.90
3181474.0	2340.50	490.40
3181476.0	2347.00	490.30
3181478.0	2346.90	489.50
3181480.0	2346.80	489.50
3181482.0	2343.70	488.90
3181484.0	2344.50	488.90
3181486.0	2345.30	488.80
3181488.0	2350.20	488.70
3181490.0	2350.20	488.70
3181492.0	2349.80	486.10
3181494.0	2349.70	486.00
3181496.0	2344.80	486.00
3181498.0	2344.80	486.00
3181500.0	2347.40	489.50
3181502.0	2347.30	488.30
3181504.0	2347.60	487.20
3181506.0	2349.80	482.80
3181508.0	2349.80	482.80
3181510.0	2349.80	482.80
3181512.0	2347.80	484.30
3181514.0	2347.80	485.70
3181516.0	2348.00	488.80
3181518.0	2347.20	488.80
3181520.0	2347.20	488.80
3181522.0	2348.70	484.50
3181524.0	2348.70	484.50
3181526.0	2343.50	486.60
3181528.0	2343.50	486.60
3181530.0	2342.20	487.10
3181532.0	2342.20	487.10
3181534.0	2341.70	481.80
3181536.0	2341.70	481.80
3181538.0	2344.90	486.40
3181540.0	2347.40	487.00
3181542.0	2347.40	487.00
3181544.0	2342.50	487.90
3181546.0	2342.50	487.90
3181548.0	2342.90	486.00
3181550.0	2343.50	486.50
3181552.0	2344.10	487.00
3181554.0	2344.10	487.30
3181556.0	2345.00	487.60
3181558.0	2343.10	487.50
3181560.0	2343.10	487.50
3181562.0	2345.50	487.00
3181564.0	2345.50	487.00
3181566.0	2347.00	486.80
3181568.0	2346.90	486.70
3181570.0	2347.50	486.70
3181572.0	2347.50	486.70
3181574.0	2346.70	488.20
3181576.0	2347.50	487.80
3181578.0	2347.50	487.80
3181580.0	2348.20	489.50
3181582.0	2348.20	489.50
3181584.0	2347.70	489.50
3181586.0	2347.70	489.70
3181588.0	2346.20	489.80
3181590.0	2346.00	486.90
3181592.0	2351.30	484.10
3181594.0	2351.20	483.70
3181596.0	2351.20	483.30
3181598.0	2349.10	483.50
3181600.0	2347.00	483.70
3181602.0	2347.00	483.70
3181604.0	2350.60	486.60
3181606.0	2350.60	486.60
3181608.0	2350.90	487.10
3181610.0	2351.00	487.50
3181612.0	2351.70	487.50
3181614.0	2351.70	487.50
3181616.0	2350.40	485.40
3181618.0	2350.40	485.50
3181620.0	2350.40	485.70
3181622.0	2348.80	485.10
3181624.0	2349.40	484.40
3181626.0	2349.30	484.40
3181628.0	2349.20	484.40
3181630.0	2345.10	484.40
3181632.0	2345.20	486.20
3181634.0	2345.20	486.20
3181636.0	2345.50	486.20
3181638.0	2345.40	485.10
3181640.0	2346.70	485.50
3181642.0	2347.90	485.50
3181644.0	2349.90	484.70
3181646.0	2350.40	484.70
3181648.0	2351.20	486.50
3181650.0	2349.80	486.50
3181652.0	2349.50	484.80
3181654.0	2349.40	483.10
3181656.0	2349.30	481.70
3181658.0	2351.10	481.00
3181660.0	2352.10	477.90
3181662.0	2352.10	477.90
3181664.0	2352.90	481.80
3181666.0	2352.90	481.20
3181668.0	2352.50	481.20
3181670.0	2352.10	480.50
3181672.0	2348.60	480.50
3181674.0	2348.70	481.80
3181676.0	2342.30	483.90
3181678.0	2342.50	485.90
3181680.0	2343.70	485.90
3181682.0	2344.70	482.10
3181684.0	2344.70	482.10
3181686.0	2345.10	485.80
3181688.0	2343.80	485.80
3181690.0	2343.80	485.80
3181692.0	2343.60	484.50
3181694.0	2343.50	483.20
3181696.0	2343.00	477.20
3181698.0	2343.00	477.70
3181700.0	2342.80	478.20
3181702.0	2342.80	478.10
3181704.0	2342.70	478.10
3181706.0	2342.60	477.00
3181708.0	2343.20	477.00
3181710.0	2343.00	481.40
3181712.0	2343.30	484.90
3181714.0	2342.90	484.40
3181716.0	2342.50	483.80
3181718.0	2342.40	482.30
3181720.0	2342.10	482.30
3181722.0	2342.10	482.30
3181724.0	2342.30	484.50
3181726.0	2342.20	483.90
3181728.0	2344.40	483.40
3181730.0	2346.40	483.40
3181732.0	2346.40	483.70
3181734.0	2346.40	483.90
3181736.0	2346.20	482.70
3181738.0	2346.20	482.00
3181740.0	2350.00	481.90
3181742.0	2349.90	481.00
3181744.0	2342.30	481.10
3181746.0	2342.30	481.20
3181748.0	2342.60	481.30
3181750.0	2342.80	481.50
3181752.0	2346.30	481.30
3181754.0	2346.30	481.30
3181756.0	2345.70	484.10
3181758.0	2344.70	486.60
3181760.0	2345.20	486.60
3181762.0	2345.20	485.60
3181764.0	2345.20	485.60
3181766.0	2359.80	490.50
3181768.0	2391.70	519.10
3181770.0	2403.30	544.50
3181772.0	2439.50	579.40
3181774.0	2480.30	604.00
3181776.0	2530.70	644.80
3181778.0	2581.60	688.60
3181780.0	2621.00	717.60
3181782.0	2679.30	737.30
3181784.0	2739.60	755.00
3181786.0	2790.30	766.20
3181788.0	2855.00	799.50
3181790.0	2910.20	834.80
3181792.0	2959.90	869.90
3181794.0	3016.50	908.40
3181796.0	3087.50	944.20
3181798.0	3143.70	989.00
3181800.0	3203.60	1021.10
3181802.0	3258.70	1042.20
3181804.0	3270.00	1085.50
3181806.0	3270.00	1105.00
3181808.0	3270.00	1129.30
3181810.0	3270.00	1148.10
3181812.0	3270.00	1180.70
3181814.0	3270.00	1218.10
3181816.0	3270.00	1246.50
3181818.0	3270.00	1280.60
3181820.0	3270.00	1310.70
3181822.0	3270.00	1321.80
3181824.0	3270.00	1367.70
3181826.0	3270.00	1378.50
3181828.0	3270.00	1399.40
3181830.0	3270.00	1422.70
3181832.0	3270.00	1431.10
3181834.0	3270.00	1476.50
3181836.0	3270.00	1488.90
3181838.0	3270.00	1521.60
3181840.0	3270.00	1545.10
3181842.0	3270.00	1561.20
3181844.0	3270.00	1570.40
3181846.0	3270.00	1580.90
3181848.0	3270.00	1593.10
3181850.0	3270.00	1602.80
3181852.0	3270.00	1636.70
3181854.0	3270.00	1659.00
3181856.0	3270.00	1676.70
3181858.0	3270.00	1686.50
3181860.0	3270.00	1678.60
3181862.0	3270.00	1694.00
3181864.0	-32768.00	-32768.00
3181866.0	-32768.00	-32768.00
3181868.0	-32768.00	-32768.00
3181870.0	-32768.00	-32768.00
3181872.0	-32768.00	-32768.00
3181874.0	-32768.00	-32768.00
3181876.0	-32768.00	-32768.00
3181878.0	-32768.00	-32768.00
3181880.0	-32768.00	-32768.00
3181882.0	-32768.00	-32768.00
3181884.0	-32768.00	-32768.00
3181886.0	-32768.00	-32768.00
3181888.0	-32768.00	-32768.00
3181890.0	-32768.00	-32768.00
3181892.0	-32768.00	-32768.00
3181894.0	-32768.00	-32768.00
3181896.0	-32768.00	-32768.00
3181898.0	-32768.00	-32768.00
3181900.0	-32768.00	-32768.00
3181902.0	-32768.00	-32768.00
3181904.0	-32768.00	-32768.00
3181906.0	-32768.00	-32768.00
3181908.0	-32768.00	-32768.00
3181910.0	-32768.00	-32768.00
3181912.0	-32768.00	-32768.00
3181914.0	-32768.00	-32768.00
3181916.0	-32768.00	-32768.00
3181918.0	-32768.00	-32768.00
3181920.0	-32768.00	-32768.00
3181922.0	-32768.00	-32768.00
3181924.0	-32768.00	-32768.00
3181926.0	-32768.00	-32768.00
3181928.0	-32768.00	-32768.00
3181930.0	-32768.00	-32768.00
3181932.0	-32768.00	-32768.00
3181934.0	-32768.00	-32768.00
3181936.0	-32768.00	-32768.00
3181938.0	-32768.00	-32768.00
3181940.0	-32768.00	-32768.00
3181942.0	-32768.00	-32768.00
3181944.0	-32768.00	-32768.00
3181946.0	-32768.00	-32768.00
3181948.0	-32768.00	-32768.00
3181950.0	-32768.00	-32768.00
3181952.0	-32768.00	-32768.00
3181954.0	-32768.00	-32768.00
3181956.0	-32768.00	-32768.00
3181958.0	-32768.00	-32768.00
3181960.0	-32768.00	-32768.00
3181962.0	-32768.00	-32768.00
3181964.0	-32768.00	-32768.00
3181966.0	-32768.00	-32768.00
3181968.0	-32768.00	-32768.00
3181970.0	-32768.00	-32768.00
3181972.0	-32768.00	-32768.00
3181974.0	-32768.00	-32768.00
3181976.0	-32768.00	-32768.00
3181978.0	-32768.00	-32768.00
3181980.0	-32768.00	-32768.00
3181982.0	-32768.00	-32768.00
3181984.0	-32768.00	-32768.00
3181986.0	-32768.00	-32768.00
3181988.0	-32768.00	-32768.00
3181990.0	-32768.00	-32768.00
3181992.0	-32768.00	-32768.00
3181994.0	-32768.00	-32768.00
3181996.0	-32768.00	-32768.00
3181998.0	-32768.00	-32768.00
3182000.0	-32768.00	-32768.00
3182002.0	-32768.00	-32768.00
3182004.0	-32768.00	-32768.00
3182006.0	-32768.00	-32768.00
3182008.0	-32768.00	-32768.00
3182010.0	-32768.00	-32768.00
3182012.0	-32768.00	-32768.00
3182014.0	-32768.00	-32768.00
3182016.0	-32768.00	-32768.00
3182018.0	-32768.00	-32768.00
3182020.0	-32768.00	-32768.00
3182022.0	-32768.00	-32768.00
3182024.0	-32768.00	-32768.00
3182026.0	-32768.00	-32768.00
3182028.0	-32768.00	-32768.00
3182030.0	-32768.00	-32768.00
3182032.0	-32768.00	-32768.00
3182034.0	-32768.00	-32768.00
3182036.0	-32768.00	-32768.00
3182038.0	-32768.00	-32768.00
3182040.0	-32768.00	-32768.00
3182042.0	-32768.00	-32768.00
3182044.0	-32768.00	-32768.00
3182046.0	-32768.00	-32768.00
3182048.0	-32768.00	-32768.00
3182050.0	-32768.00	-32768.00
3182052.0	-32768.00	-32768.00
3182054.0	-32768.00	-32768.00
3182056.0	-32768.00	-32768.00
3182058.0	-32768.00	-32768.00
3182060.0	-32768.00	-32768.00
3182062.0	3270.00	1713.60
3182064.0	3270.00	1714.90
3182066.0	3270.00	1708.00
3182068.0	-32768.00	-32768.00
3182070.0	-32768.00	-32768.00
3182072.0	-32768.00	-32768.00
3182074.0	-32768.00	-32768.00
3182076.0	-32768.00	-32768.00
3182078.0	-32768.00	-32768.00
3182080.0	-32768.00	-32768.00
3182082.0	-32768.00	-32768.00
3182084.0	-32768.00	-32768.00
3182086.0	-32768.00	-32768.00
3182088.0	-32768.00	-32768.00
3182090.0	-32768.00	-32768.00
3182092.0	-32768.00	-32768.00
3182094.0	-32768.00	-32768.00
3182096.0	-32768.00	-32768.00
3182098.0	-32768.00	-32768.00
3182100.0	-32768.00	-32768.00
3182102.0	3270.00	1713.30
3182104.0	3270.00	1713.30
3182106.0	-32768.00	-32768.00
3182108.0	-32768.00	-32768.00
3182110.0	-32768.00	-32768.00
3182112.0	-32768.00	-32768.00
3182114.0	-32768.00	-32768.00
3182116.0	-32768.00	-32768.00
3182118.0	-32768.00	-32768.00
3182120.0	-32768.00	-32768.00
3182122.0	-32768.00	-32768.00
3182124.0	3270.00	1712.40
3182126.0	3270.00	1711.80
3182128.0	-32768.00	-32768.00
3182130.0	-32768.00	-32768.00
3182132.0	-32768.00	-32768.00
3182134.0	3270.00	1719.60
3182136.0	3270.00	1719.60
3182138.0	3270.00	1720.70
3182140.0	3270.00	1720.50
3182142.0	3270.00	1720.80
3182144.0	3270.00	1721.20
3182146.0	3270.00	1720.40
3182148.0	3270.00	1719.20
3182150.0	-32768.00	-32768.00
3182152.0	-32768.00	-32768.00
3182154.0	3270.00	1715.70
3182156.0	-32768.00	-32768.00
3182158.0	-32768.00	-32768.00
3182160.0	-32768.00	-32768.00
3182162.0	3270.00	1706.30
3182164.0	3270.00	1703.20
3182166.0	3270.00	1707.80
3182168.0	3270.00	1709.20
3182170.0	3270.00	1709.20
3182172.0	3270.00	1704.30
3182174.0	3270.00	1706.20
3182176.0	3270.00	1708.30
3182178.0	3270.00	1710.50
3182180.0	3270.00	1709.00
3182182.0	3270.00	1707.40
3182184.0	3270.00	1707.40
3182186.0	3270.00	1707.20
3182188.0	3270.00	1709.20
3182190.0	3270.00	1710.70
3182192.0	3270.00	1711.10
3182194.0	3270.00	1710.70
3182196.0	3270.00	1706.70
3182198.0	3270.00	1707.70
3182200.0	3270.00	1719.00
3182202.0	3270.00	1717.70
3182204.0	3270.00	1718.80
3182206.0	3270.00	1718.00
3182208.0	3270.00	1715.40
3182210.0	3270.00	1715.40
3182212.0	3270.00	1715.50
3182214.0	3270.00	1715.50
3182216.0	3270.00	1709.80
3182218.0	3270.00	1711.30
3182220.0	3270.00	1707.80
3182222.0	3270.00	1706.80
3182224.0	3270.00	1695.80
3182226.0	3270.00	1689.70
3182228.0	3270.00	1655.10
3182230.0	3270.00	1601.30
3182232.0	3270.00	1565.10
3182234.0	3270.00	1477.50
3182236.0	3270.00	1420.40
3182238.0	3270.00	1339.20
3182240.0	3270.00	1252.40
3182242.0	3270.00	1216.90
3182244.0	3270.00	1189.10
3182246.0	3270.00	1135.20
3182248.0	3270.00	1116.40
3182250.0	3270.00	1050.40
3182252.0	3270.00	1000.50
3182254.0	3270.00	958.90
3182256.0	3270.00	936.60
3182258.0	3270.00	913.60
3182260.0	3228.40	876.00
3182262.0	3135.90	833.40
3182264.0	3065.90	812.50
3182266.0	2983.90	771.50
3182268.0	2894.50	765.60
3182270.0	2804.70	760.50
3182272.0	2716.70	791.80
3182274.0	2644.20	810.50
3182276.0	2550.50	931.40
3182278.0	2460.10	972.40
3182280.0	2372.10	1010.40
3182282.0	2326.90	1062.40
3182284.0	2243.50	1161.20
3182286.0	2250.30	1215.20
3182288.0	2255.60	1256.60
3182290.0	2195.90	1259.80
3182292.0	2091.10	1283.10
3182294.0	2014.30	1322.00
3182296.0	1963.40	1356.40
3182298.0	1865.10	1384.90
3182300.0	1722.40	1381.20
3182302.0	1640.40	1411.10
3182304.0	1588.70	1449.70
3182306.0	1515.10	1448.30
3182308.0	1387.70	1448.50
3182310.0	1299.00	1438.80
3182312.0	1171.40	1424.90
3182314.0	1137.30	1412.50
3182316.0	1128.90	1391.30
3182318.0	1108.00	1369.60
3182320.0	1109.00	1385.80
3182322.0	1126.60	1381.80
3182324.0	1144.20	1377.90
3182326.0	1099.90	1325.70
3182328.0	1100.10	1325.80
3182330.0	1132.30	1324.40
3182332.0	1164.70	1327.60
3182334.0	1131.40	1329.20
3182336.0	1128.30	1264.90
3182338.0	1125.50	1199.80
3182340.0	1026.90	829.20
3182342.0	986.40	730.60
3182344.0	959.00	727.80
3182346.0	941.80	546.40
3182348.0	927.80	537.90
3182350.0	911.20	508.10
3182352.0	906.30	499.50
3182354.0	906.60	490.80
3182356.0	908.70	465.50
3182358.0	910.10	465.60
3182360.0	920.50	466.40
3182362.0	919.10	467.50
3182364.0	918.40	494.70
3182366.0	917.90	513.50
3182368.0	917.60	527.30
3182370.0	926.60	531.00
3182372.0	939.40	533.50
3182374.0	950.10	533.10
3182376.0	959.60	532.70
3182378.0	959.60	532.70
3182380.0	956.70	532.80
3182382.0	956.20	534.00
3182384.0	949.80	535.50
3182386.0	949.50	552.70
3182388.0	951.20	552.70
3182390.0	956.60	548.90
3182392.0	956.60	548.90
3182394.0	960.80	550.60
3182396.0	965.50	553.60
3182398.0	966.40	559.20
3182400.0	967.40	559.20
3182402.0	968.30	560.60
3182404.0	970.90	560.50
3182406.0	971.00	558.80
3182408.0	969.10	556.80
3182410.0	969.10	556.80
3182412.0	969.60	556.70
3182414.0	970.10	552.70
3182416.0	972.20	551.10
3182418.0	973.40	551.00
3182420.0	973.40	550.80
3182422.0	973.90	550.80
3182424.0	973.90	550.60
3182426.0	973.90	550.60
3182428.0	978.30	557.10
3182430.0	978.70	557.00
3182432.0	979.00	555.20
3182434.0	979.30	553.40
3182436.0	982.70	554.50
3182438.0	982.00	554.60
3182440.0	982.00	554.00
3182442.0	984.60	553.90
3182444.0	983.30	553.90
3182446.0	983.30	553.10
3182448.0	980.60	552.30
3182450.0	978.10	540.40
3182452.0	978.10	540.50
3182454.0	982.20	543.40
3182456.0	982.20	543.30
3182458.0	981.40	543.20
3182460.0	981.40	543.20
3182462.0	982.30	543.90
3182464.0	984.20	545.70
3182466.0	984.20	545.70
3182468.0	981.50	546.40
3182470.0	981.50	546.30
3182472.0	987.50	546.00
3182474.0	987.50	545.10
3182476.0	983.50	544.30
3182478.0	984.90	543.10
3182480.0	984.90	543.10
3182482.0	986.60	543.10
3182484.0	988.30	542.90
3182486.0	988.30	542.80
3182488.0	988.30	542.10
3182490.0	989.20	542.10
3182492.0	989.30	537.00
3182494.0	989.30	537.00
3182496.0	991.50	540.90
3182498.0	991.50	540.90
3182500.0	989.70	540.90
3182502.0	989.70	541.90
3182504.0	991.60	541.80
3182506.0	991.70	537.30
3182508.0	992.20	537.70
3182510.0	992.20	537.70
3182512.0	985.90	531.00
3182514.0	985.90	531.00
3182516.0	985.10	529.20
3182518.0	985.10	529.10
3182520.0	986.00	529.10
3182522.0	986.90	529.40
3182524.0	985.20	529.90
3182526.0	983.50	529.90
3182528.0	985.90	529.80
3182530.0	988.40	528.90
3182532.0	988.30	528.90
3182534.0	989.30	531.40
3182536.0	989.30	531.70
3182538.0	987.10	531.80
3182540.0	983.60	531.10
3182542.0	981.60	523.70
3182544.0	981.60	523.70
3182546.0	984.30	522.20
3182548.0	984.30	522.20
3182550.0	984.50	530.80
3182552.0	984.60	530.90
3182554.0	985.50	530.80
3182556.0	986.00	529.40
3182558.0	986.80	529.40
3182560.0	987.70	528.20
3182562.0	988.20	524.10
3182564.0	988.10	524.00
3182566.0	988.10	525.20
3182568.0	987.10	525.20
3182570.0	987.30	527.40
3182572.0	987.30	527.30
3182574.0	987.30	529.10
3182576.0	987.40	529.10
3182578.0	987.70	523.80
3182580.0	988.20	523.80
3182582.0	988.60	524.30
3182584.0	989.60	524.30
3182586.0	990.50	524.20
3182588.0	990.50	524.20
3182590.0	990.50	523.90
3182592.0	992.20	523.60
3182594.0	992.40	521.40
3182596.0	992.50	521.40
3182598.0	990.30	521.40
3182600.0	990.20	522.70
3182602.0	989.80	523.70
3182604.0	989.80	523.70
3182606.0	995.90	523.60
3182608.0	995.90	523.60
3182610.0	989.90	521.90
3182612.0	989.90	522.80
3182614.0	989.90	522.80
3182616.0	990.10	520.00
3182618.0	989.00	514.20
3182620.0	989.00	514.20
3182622.0	987.40	517.70
3182624.0	987.40	518.70
3182626.0	992.50	519.80
3182628.0	992.50	519.80
3182630.0	992.20	519.80
3182632.0	994.40	520.90
3182634.0	994.30	520.80
3182636.0	994.40	518.70
3182638.0	993.20	518.60
3182640.0	993.20	518.40
3182642.0	993.10	517.60
3182644.0	994.60	517.50
3182646.0	994.00	516.70
3182648.0	993.40	515.80
3182650.0	993.40	515.80
3182652.0	997.50	515.70
3182654.0	997.50	515.60
3182656.0	996.90	514.60
3182658.0	996.30	513.50
3182660.0	996.30	513.50
3182662.0	996.30	512.20
3182664.0	996.30	512.20
3182666.0	996.20	515.10
3182668.0	994.00	515.50
3182670.0	994.00	516.00
3182672.0	993.90	516.00
3182674.0	993.90	513.20
3182676.0	992.50	510.60
3182678.0	991.50	510.60
3182680.0	991.40	514.40
3182682.0	987.90	514.60
3182684.0	987.80	517.20
3182686.0	991.70	517.10
3182688.0	991.70	517.00
3182690.0	995.10	516.80
3182692.0	995.10	516.00
3182694.0	991.80	513.00
3182696.0	991.70	513.00
3182698.0	995.90	512.50
3182700.0	995.30	512.50
3182702.0	994.70	512.60
3182704.0	994.30	510.90
3182706.0	995.30	510.80
3182708.0	995.10	510.10
3182710.0	994.80	510.00
3182712.0	994.90	510.00
3182714.0	995.90	513.00
3182716.0	995.90	513.00
3182718.0	995.90	511.90
3182720.0	995.40	510.80
3182722.0	996.80	512.10
3182724.0	998.20	513.40
3182726.0	998.20	513.40
3182728.0	992.10	506.40
3182730.0	991.00	501.00
3182732.0	991.00	501.00
3182734.0	990.00	503.90
3182736.0	990.00	503.80
3182738.0	990.10	503.80
3182740.0	990.00	511.50
3182742.0	993.80	511.30
3182744.0	993.90	503.50
3182746.0	993.90	503.50
3182748.0	991.60	500.90
3182750.0	991.70	501.00
3182752.0	991.40	510.60
3182754.0	992.80	510.60
3182756.0	994.60	509.60
3182758.0	996.30	508.60
3182760.0	995.90	508.70
3182762.0	995.50	506.90
3182764.0	990.70	506.70
3182766.0	990.70	506.70
3182768.0	992.20	506.70
3182770.0	993.70	504.90
3182772.0	995.40	505.70
3182774.0	995.40	506.50
3182776.0	995.40	503.70
3182778.0	989.40	503.90
3182780.0	989.50	503.20
3182782.0	990.80	503.20
3182784.0	994.80	505.00
3182786.0	994.80	505.20
3182788.0	994.80	505.20
3182790.0	995.50	502.90
3182792.0	996.10	501.30
3182794.0	996.10	501.30
3182796.0	997.60	501.20
3182798.0	999.00	506.70
3182800.0	1000.80	506.70
3182802.0	1000.80	506.70
3182804.0	1000.00	506.20
3182806.0	999.20	506.20
3182808.0	999.00	511.90
